0.010000 1515712763790492.000000 230476091257065.000000 0 4440803003379.864258 858371582600.754883 0
0.030000 7333183722196230.000000 1534467806863531.000000 0 16892123101999.556641 3124397906185.937012 0
0.050000 14780609003070792.000000 3768397741714940.000000 0 40266325379741.007812 6962925688697.487305 0
0.070000 23356015347156332.000000 6683930820699196.000000 0 73225835366568.687500 11092862363343.187500 0
0.090000 39776830509169232.000000 9790155321417058.000000 0 113195050999861.890625 15551756058694.701172 0
0.110000 52683273531972944.000000 12040615388861428.000000 0 160843811038344.625000 19958626167170.800781 0
0.130000 65553451406116504.000000 12431942570130042.000000 0 213743701225513.812500 24529171557137.433594 0
0.150000 82211121241245920.000000 11759663771508440.000000 0 267655831112429.781250 28697476133940.386719 0
0.170000 103988892980083456.000000 10796601382147770.000000 0 324582064552485.187500 33686877265162.062500 0
0.190000 130427385180003856.000000 10066185443251184.000000 0 387730364053927.312500 37520883642419.093750 0
0.210000 161701932849989888.000000 9320692301642062.000000 0 447689587036714.750000 42112986444669.757812 0
0.230000 198191195476730432.000000 8718702328541222.000000 0 510582412257079.437500 46330143971504.054688 0
0.250000 236725657985387168.000000 8314528081656204.000000 0 574948134954324.375000 50135865068961.945312 0
0.270000 274355506434828544.000000 7950233366340150.000000 0 631659463883305.125000 54594639160735.085938 0
0.290000 304679161147494528.000000 7742240104377921.000000 0 685362988739177.500000 58432182789348.343750 0
0.310000 325592438566241280.000000 7513808847910424.000000 0 744736898080715.625000 61929659539676.664062 0
0.330000 338916259139085952.000000 7342604949437690.000000 0 793481998295086.750000 65120209570644.875000 0
0.350000 345868778587069056.000000 7152748632920252.000000 0 845776927607693.125000 69187774175682.070312 0
0.370000 349526863494947264.000000 7053589422386936.000000 0 897150525295848.500000 72661529932061.265625 0
0.390000 351629002073617024.000000 6958531357164181.000000 0 934231173754465.750000 75710321218903.234375 0
0.410000 351324411754154112.000000 6928942185877104.000000 0 975073921862329.000000 78852108577288.234375 0
0.430000 349495174836824704.000000 6705936685034096.000000 0 1016430619161767.250000 81704559748356.250000 0
0.450000 348870520497385984.000000 6789388314598994.000000 0 1051908157545159.375000 84156581630888.296875 0
0.470000 346473207935617920.000000 6814298370617819.000000 0 1095153307063315.875000 87442345447347.625000 0
0.490000 343451422441779200.000000 6760830837831804.000000 0 1120780513527350.000000 90558879989586.718750 0
0.510000 339484554660753728.000000 6734018044352565.000000 0 1160553732883700.250000 93661726010686.375000 0
0.530000 336263916391043072.000000 6736190746077122.000000 0 1190204424765054.250000 96916887080772.734375 0
0.550000 332158844965718400.000000 6605116792402211.000000 0 1213272092276404.750000 99334351848662.156250 0
0.570000 329039593417461056.000000 6727393733388940.000000 0 1240957686780435.000000 101016008449248.187500 0
0.590000 323770722836961600.000000 6638651241179918.000000 0 1265906295216280.500000 102264443332780.484375 0
0.610000 319802264796610112.000000 6773549177905657.000000 0 1285202051770743.750000 104184815206718.000000 0
0.630000 314301979400772224.000000 6596594168577444.000000 0 1304234659009363.250000 106326085268467.562500 0
0.650000 308895449020374016.000000 6607511168973233.000000 0 1317599205565308.250000 107057291421538.656250 0
0.670000 302647717003094528.000000 6644616088418628.000000 0 1334731793918164.250000 109487879425063.609375 0
0.690000 298324581815010368.000000 6477348057189182.000000 0 1330917386301830.000000 110822983144000.687500 0
0.710000 291227267166487168.000000 6648747955444403.000000 0 1342964277587775.750000 112314859992372.531250 0
0.730000 285898569130376064.000000 6398167559789405.000000 0 1360824343146297.000000 113707522765641.562500 0
0.750000 279954180395092864.000000 6626292459738427.000000 0 1370108862285682.000000 114748370254231.765625 0
0.770000 275658378967760192.000000 6594714540435705.000000 0 1367339617333596.000000 114111505131479.375000 0
0.790000 269741871058300416.000000 6492267760376060.000000 0 1372961412117447.000000 116124212341483.328125 0
0.810000 264249794381764672.000000 6368409850479626.000000 0 1366904325426297.000000 117302541897844.375000 0
0.830000 259294377031989504.000000 6402506209889741.000000 0 1363489895487930.750000 116949104626806.921875 0
0.850000 254250957050790432.000000 6400485685790629.000000 0 1357078977330533.500000 118704657585831.671875 0
0.870000 248561553367606080.000000 6521317509447318.000000 0 1369846851749728.000000 118145708945124.718750 0
0.890000 246090538580755072.000000 6381820965826212.000000 0 1354536558105034.500000 118032913280818.484375 0
0.910000 240158076229551360.000000 6296319507554831.000000 0 1354548072526821.750000 118119044912438.140625 0
0.930000 236615158928089216.000000 6268778396688554.000000 0 1355550673528747.000000 119340771210211.203125 0
0.950000 231647674348019264.000000 6160517229607675.000000 0 1344738198095059.250000 118504320784796.046875 0
0.970000 225070148873210432.000000 6170595955351830.000000 0 1331336793124709.500000 118714224804834.453125 0
0.990000 218764579161842240.000000 6174621710169192.000000 0 1314713167998073.000000 119270398150148.656250 0
1.010000 215030011329375872.000000 6182449775336156.000000 0 1319709141391852.000000 117478713963494.343750 0
1.030000 211028846030950720.000000 6004192221051863.000000 0 1307229737110323.750000 118180382079124.156250 0
1.050000 206167261571803136.000000 5993746546150048.000000 0 1296296547075143.500000 118272769191741.734375 0
1.070000 202846868151928128.000000 5838626262522570.000000 0 1279897425027864.250000 117501689957609.078125 0
1.090000 198952204934167648.000000 5872156809996359.000000 0 1276849020451297.500000 118917263359514.484375 0
1.110000 196688869878702944.000000 5733042090022334.000000 0 1266848917785426.750000 118218855917542.500000 0
1.130000 191292050635538496.000000 5802635951601432.000000 0 1257296619028481.500000 118641890087017.562500 0
1.150000 187298607266956032.000000 5786681492187822.000000 0 1230005867816198.500000 115438915612505.625000 0
1.170000 184328397106178048.000000 5624703861026295.000000 0 1220513897762427.750000 116907461183933.578125 0
1.190000 180870339616534240.000000 5712051736515164.000000 0 1205959061364582.000000 117831013676155.125000 0
1.210000 176690780571228512.000000 5551235441898357.000000 0 1202447182612060.750000 114206704692142.406250 0
1.230000 173987112249782912.000000 5540179342714693.000000 0 1186064960850546.750000 115998901092285.593750 0
1.250000 170161431022955520.000000 5506356226406065.000000 0 1168089395827061.750000 116417068082551.750000 0
1.270000 167464494441651072.000000 5372843821616511.000000 0 1169010687747307.000000 116150950013050.546875 0
1.290000 163096354081872224.000000 5386742760029443.000000 0 1147246843971203.000000 114651198092770.265625 0
1.310000 158643846153362112.000000 5278357888410514.000000 0 1142024641121306.000000 114100000073777.906250 0
1.330000 157198995880532224.000000 5353122887774607.000000 0 1132252116104581.250000 114129992441826.000000 0
1.350000 152701135720805504.000000 5186179372011941.000000 0 1111942014399539.250000 112519136668893.453125 0
1.370000 149384166208674688.000000 5160690198244470.000000 0 1099241595850397.000000 111988484297917.000000 0
1.390000 145637187003411296.000000 5066209219293267.000000 0 1095660640279134.625000 111466316051175.859375 0
1.410000 143136938575839232.000000 5311552780576753.000000 0 1067397565216975.250000 110790533340886.312500 0
1.430000 140235325807010464.000000 5153055856130799.000000 0 1077439873005313.250000 111172185121783.734375 0
1.450000 138386024450260704.000000 5135056343061528.000000 0 1069486163474934.875000 110676179504807.859375 0
1.470000 135077140561946496.000000 4973170311619087.000000 0 1056819363452137.125000 113639636343731.750000 0
1.490000 132107182042770672.000000 5026854123095266.000000 0 1041149841368041.000000 110624917718899.781250 0
1.510000 129205808883660512.000000 4946235122983775.000000 0 1026440131717405.125000 110515290482078.093750 0
1.530000 127070132362776032.000000 4924408356486810.000000 0 1022594067638112.875000 107940674858857.281250 0
1.550000 122951760905685920.000000 4936279415994910.000000 0 1004555570581069.000000 107747089571873.843750 0
1.570000 121914973119332944.000000 4835813175352592.000000 0 1001989186792168.875000 106315622806000.156250 0
1.590000 118613225152743568.000000 4693625966531367.000000 0 980039169603481.125000 107843538145458.109375 0
1.610000 116015829269641984.000000 4798312598722427.000000 0 968119872009456.500000 106513957508045.203125 0
1.630000 115360717027782688.000000 4749287174814383.000000 0 963019362268465.125000 106326129561252.734375 0
1.650000 113060787828665120.000000 4848779506763544.000000 0 951872593335609.625000 105424534225036.500000 0
1.670000 110066430753777664.000000 4457946756751155.000000 0 945638583251909.250000 106370329170097.515625 0
1.690000 107854372567918144.000000 4603424366813377.000000 0 937279158953407.125000 104377480608837.546875 0
1.710000 106470013670023968.000000 4613111825191873.000000 0 928888722431320.750000 103953316692125.015625 0
1.730000 103126517957024512.000000 4475303817453422.500000 0 918360978984450.750000 103566150866365.984375 0
1.750000 102727100203897776.000000 4391310883869790.000000 0 895740601458922.000000 102160557695221.453125 0
1.770000 99610294733232992.000000 4392017921036507.000000 0 890135691670593.875000 104004254343306.734375 0
1.790000 97531659466901024.000000 4456674640567251.000000 0 891382255182695.375000 101312029358872.843750 0
1.810000 95968452848307984.000000 4385955706025211.500000 0 870370799934064.125000 102183987134281.187500 0
1.830000 93351282945148448.000000 4375871964263814.000000 0 868959247398616.500000 100270346696274.562500 0
1.850000 91346355492637344.000000 4453786241047979.000000 0 863059994949975.750000 100698514927089.140625 0
1.870000 89575102994603872.000000 4271006524294031.000000 0 861898600057220.250000 99861728016587.593750 0
1.890000 87067374219628144.000000 4007747266343174.000000 0 836097154572575.625000 101086563662053.421875 0
1.910000 84512595060864576.000000 4070708990557662.500000 0 842560043996577.750000 98912533691953.281250 0
1.930000 83174604287374800.000000 4106427519817579.500000 0 836902187470115.500000 96411405930953.734375 0
1.950000 81289516087195616.000000 3952087980183275.500000 0 825294804322588.250000 98121610091617.859375 0
1.970000 79310603321845312.000000 3995098136087533.500000 0 811323027030968.625000 97073604209960.093750 0
1.990000 79169010301624320.000000 4025517485169256.000000 0 807977282404692.625000 97107320337360.984375 0
2.010000 76734182692545376.000000 3913713756613720.000000 0 786300929972596.625000 94748805603135.406250 0
2.030000 74226767575511328.000000 3955884282524768.000000 0 785892222441607.875000 94859804882054.203125 0
2.050000 73248509597052384.000000 3935851581646002.500000 0 771822630877700.375000 95804081287877.218750 0
2.070000 70311822359322864.000000 3779821445684438.000000 0 781951251361019.375000 93659904823219.328125 0
2.090000 69514014523723648.000000 3713802243579949.000000 0 764012772164409.625000 93631303424982.406250 0
2.110000 68062122154591624.000000 3802530141962166.500000 0 745526444647139.750000 91623970903221.671875 0
2.130000 66639034261409608.000000 3672470098304913.000000 0 745479032659615.500000 92605116073566.828125 0
2.150000 64489752799502640.000000 3746897193361976.500000 0 746784297434601.375000 93555542845771.906250 0
2.170000 63295756182313184.000000 3796179077582176.500000 0 743328013096478.750000 91758321578308.000000 0
2.190000 61760838150606512.000000 3730788446486960.500000 0 729867130574471.250000 90351592204356.937500 0
2.210000 59805724388826960.000000 3596571492697203.000000 0 717163393865924.875000 90976108226629.906250 0
2.230000 58610302620990312.000000 3595762291420344.000000 0 728256476111914.750000 90863484162162.468750 0
2.250000 57133124049553072.000000 3559436630068881.000000 0 714329980047641.625000 88828260035380.281250 0
2.270000 55437978080300736.000000 3579476746919389.000000 0 688346947628844.125000 89096738368041.515625 0
2.290000 54044039210168064.000000 3457719451838026.500000 0 712109864443048.000000 88735230701038.609375 0
2.310000 53091051307300680.000000 3256627693240920.500000 0 691766857725934.250000 88708595022796.484375 0
2.330000 51592983478458352.000000 3367666866044699.500000 0 683020277453818.625000 88497097861096.875000 0
2.350000 49942139622408264.000000 3462022970444544.000000 0 656512102498311.375000 87072098186075.343750 0
2.370000 48946869276132432.000000 3288216024811373.000000 0 656994068514735.125000 87247757449663.250000 0
2.390000 47247917252919584.000000 3532148472833699.000000 0 655062966564003.750000 85778866559639.406250 0
2.410000 45629583785368448.000000 3384801598315019.500000 0 664908567625372.250000 83940350761592.125000 0
2.430000 45333045746927048.000000 3468727892457760.500000 0 658795119498927.000000 85543299189479.343750 0
2.450000 44386488460799272.000000 3179643798322754.500000 0 652488272140690.625000 82597695580358.078125 0
2.470000 43294967514787728.000000 3290080763910102.000000 0 631526181727999.875000 86592959044930.921875 0
2.490000 42095165325350032.000000 3185152579164740.000000 0 635243858195070.250000 82632010638612.765625 0
2.510000 41291667982015504.000000 3192235429259412.000000 0 630892291673574.500000 84393794574631.718750 0
2.530000 39752459305692048.000000 3175789357369961.000000 0 631106396159191.625000 84654815383850.562500 0
2.550000 38839815895926208.000000 3169114671919720.500000 0 617572990736411.000000 82870867437595.312500 0
2.570000 38030484926276432.000000 2963391446091764.000000 0 596080322066644.375000 81166485225987.359375 0
2.590000 36737593052670400.000000 2962286194458651.500000 0 602481560030928.375000 82465693962523.578125 0
2.610000 35871673815949944.000000 2979899707644206.500000 0 600133767181459.000000 80332851988382.375000 0
2.630000 35347630909884848.000000 3040339183251104.500000 0 583773787329657.500000 80902023767016.375000 0
2.650000 33998171930542124.000000 2946959512298389.500000 0 593612381611905.750000 80428061647615.546875 0
2.670000 32779855595269992.000000 2968555069597676.000000 0 577923739436221.000000 79889010222763.968750 0
2.690000 32256156327904720.000000 2895207435568641.500000 0 581982640527657.000000 78825602187014.093750 0
2.710000 31496042987212528.000000 2945739693641368.000000 0 575019814151454.750000 79347429500237.593750 0
2.730000 30785823192994316.000000 2878662594865718.000000 0 584727798240983.250000 79780711348641.750000 0
2.750000 30210597410462364.000000 2840200128884932.000000 0 562397768287546.562500 76526550348750.796875 0
2.770000 29402504181595032.000000 2860129001781188.000000 0 560937844349974.062500 80600231104963.265625 0
2.790000 28403266341664120.000000 2725833806150934.500000 0 558969587746786.750000 77254910435299.671875 0
2.810000 27849813461271512.000000 2759574829287307.500000 0 558000610521187.937500 74731123073333.406250 0
2.830000 26898804141246832.000000 2848047192653932.500000 0 546151472665608.625000 77063708784217.218750 0
2.850000 26144288130996248.000000 2643006602334110.500000 0 534918551932340.937500 76615293857895.718750 0
2.870000 26161392020630836.000000 2745041289114215.500000 0 540531498642264.687500 77789300308122.281250 0
2.890000 25126922081853456.000000 2612365993226613.000000 0 539061147298299.812500 75027932489029.312500 0
2.910000 24239366784346184.000000 2578691950957839.000000 0 523761173077656.437500 73076401854344.828125 0
2.930000 23857516467206048.000000 2517806241695795.500000 0 531494843112245.125000 73476834757649.656250 0
2.950000 23304769730631616.000000 2441297421473151.500000 0 522514229976126.750000 75824333033306.593750 0
2.970000 23004591306447160.000000 2648911906289595.000000 0 513344140989519.625000 73588056670712.265625 0
2.990000 21741852177201052.000000 2421075872101757.000000 0 507997121428380.250000 71974884906719.343750 0
3.010000 21737317339163856.000000 2459629382463552.000000 0 509613448536319.250000 72334670599912.046875 0
3.030000 21087350241938280.000000 2358303222683056.000000 0 511254746187136.687500 70630916701227.843750 0
3.050000 21118982478478904.000000 2445961602418355.500000 0 500879569232461.562500 70850680578288.546875 0
3.070000 19909254120248624.000000 2485838471643326.500000 0 488587748552523.875000 72053955344206.625000 0
3.090000 19248452667440112.000000 2373093621389661.000000 0 492043255890176.812500 71728401236968.921875 0
3.110000 18748881385971440.000000 2451152107521409.000000 0 488787116404790.125000 69051593224510.265625 0
3.130000 18171760227581084.000000 2410961574537803.500000 0 488959676808096.000000 67487372549611.765625 0
3.150000 18018804726951112.000000 2404433953691314.000000 0 486152313010218.187500 69955340868821.164062 0
3.170000 17336659114179526.000000 2287382889180410.500000 0 474811530226586.875000 67653177633480.093750 0
3.190000 17017011127239118.000000 2365622425430747.500000 0 480014607107606.187500 68766597156975.507812 0
3.210000 16593166538975624.000000 2363886148603379.000000 0 474381653706620.312500 67803694334708.812500 0
3.230000 16020305073579678.000000 2208917996866106.750000 0 461952278684180.312500 66485936485145.968750 0
3.250000 15562461797257592.000000 2204396538565804.500000 0 458663447607133.437500 67519164781137.093750 0
3.270000 15124661185128272.000000 2259550369433743.500000 0 455619882261480.625000 66648174663583.054688 0
3.290000 14687442094501438.000000 2231863132111872.500000 0 474872388178564.437500 67272771508621.437500 0
3.310000 14336950026934160.000000 2207066679711821.500000 0 447285638103987.562500 64866865648911.812500 0
3.330000 14369958622809290.000000 2172674191308393.000000 0 449504292465533.625000 65005755581926.914062 0
3.350000 13964640518406432.000000 2132404661274744.250000 0 447148588876829.750000 64557716306437.546875 0
3.370000 13720797085307812.000000 2112924698424561.250000 0 436944665807819.062500 64399687232467.507812 0
3.390000 13462553096806258.000000 2068373305636559.500000 0 427929689961787.437500 63219805730175.179688 0
3.410000 13110511867610280.000000 2042997125693064.750000 0 431811481530288.125000 62117286299697.789062 0
3.430000 12603092462560382.000000 2005157736269863.000000 0 429862584391484.625000 64294021256829.039062 0
3.450000 12446033798421336.000000 2086468355662902.750000 0 417253933037792.250000 64967654492929.742188 0
3.470000 12144683587837340.000000 1965712367602726.500000 0 428652363909009.875000 62735164121147.289062 0
3.490000 11941102299401860.000000 1964367989498214.000000 0 424141046440197.062500 63649843803765.593750 0
3.510000 11536623369578088.000000 1983101960698598.000000 0 416999075252542.000000 61680395655016.117188 0
3.530000 11453032252702796.000000 1912855358788625.250000 0 418463670419104.812500 61981408793355.257812 0
3.550000 11007688773740684.000000 1858966063357331.250000 0 404661723410321.875000 62223292926927.585938 0
3.570000 10983801184933040.000000 1884817368864365.750000 0 413603753043147.750000 59898831776536.085938 0
3.590000 11029919155132900.000000 2083178237700787.500000 0 409043652276220.687500 60919568571409.367188 0
3.610000 10617162239324820.000000 1763220067019805.000000 0 401603236779666.375000 62476300849777.992188 0
3.630000 10088378484622268.000000 1748729532560442.750000 0 410975013896855.000000 60291239168014.210938 0
3.650000 9979670969676162.000000 1887768538771777.500000 0 396175722444069.312500 59318338795263.781250 0
3.670000 9650698342506796.000000 1803848985688566.750000 0 372410748439957.437500 60119259475634.242188 0
3.690000 9618052660056548.000000 1737449231233679.750000 0 385217863273145.125000 57598133721152.164062 0
3.710000 9193570707281672.000000 1874664384103799.750000 0 381302824770459.312500 57731432285736.421875 0
3.730000 9083219739606214.000000 1922051263286555.250000 0 379311224431004.062500 58412871388301.750000 0
3.750000 8896971045916208.000000 1788230131516802.250000 0 383247032475544.312500 57319526927215.984375 0
3.770000 8700593408583045.000000 1820821623474453.250000 0 380126200760088.875000 55329439034551.414062 0
3.790000 8559385849203468.000000 1769777769935254.750000 0 373840144580617.000000 57158885105423.242188 0
3.810000 8484885414619848.000000 1817907661129217.000000 0 371904489435499.312500 56238825104267.164062 0
3.830000 8197206569806326.000000 1680158696729105.250000 0 368184281339175.562500 57949473213835.578125 0
3.850000 7905924778761074.000000 1695429381693490.250000 0 356283122213014.875000 54433523630256.492188 0
3.870000 7978935582006412.000000 1686630659439795.500000 0 358444444594639.687500 54335240951509.867188 0
3.890000 7686508497409326.000000 1697113060873809.250000 0 355767148667409.375000 54121473668501.039062 0
3.910000 7473297840749713.000000 1675706235678195.500000 0 364113141027270.937500 54628651999273.367188 0
3.930000 7581353056783068.000000 1629491729825423.750000 0 349297528625999.812500 55227028220318.921875 0
3.950000 7167617672816566.000000 1522820333491480.000000 0 350995669976583.437500 56128958472336.726562 0
3.970000 7010040937646647.000000 1537953354108827.750000 0 348520694854426.812500 53022823550974.492188 0
3.990000 6885768771353444.000000 1550667780311399.000000 0 342406643616691.125000 53277978842807.492188 0
4.010000 6909341298981032.000000 1594357061719415.500000 0 341046069199778.875000 52358991895543.328125 0
4.030000 6830213853367184.000000 1573319609519297.000000 0 329534861961649.562500 52050758407852.390625 0
4.050000 6621789859884339.000000 1549493728558531.250000 0 338892465105974.562500 52998981858419.742188 0
4.070000 6386060082467130.000000 1595147500354044.250000 0 345515187523396.687500 52363564751868.460938 0
4.090000 6341523924704620.000000 1467485128762811.250000 0 339109873126698.875000 51892979590870.726562 0
4.110000 6163869200808035.000000 1553707449532159.000000 0 329680418064342.437500 51539023909321.609375 0
4.130000 6173372349453050.000000 1458713027959020.250000 0 318998926325224.187500 52225505825390.234375 0
4.150000 6081613040814405.000000 1550759313672266.000000 0 322752917268050.062500 51909109039274.109375 0
4.170000 5931446416460160.000000 1392290414403011.250000 0 307660301904167.312500 49431684197245.625000 0
4.190000 5863698407013842.000000 1507573686907440.250000 0 320304737313619.750000 50942055062769.148438 0
4.210000 5672907906101296.000000 1397680403901536.250000 0 319505333188062.250000 50441714146042.882812 0
4.230000 5704039410334126.000000 1437051285508386.000000 0 311958467603046.875000 49115482631826.343750 0
4.250000 5660056384094880.000000 1408897742124906.250000 0 311497292574745.125000 50554592713298.515625 0
4.270000 5583711403053578.000000 1451691737641944.750000 0 309639202974050.625000 49147293342634.835938 0
4.290000 5305434318902782.000000 1334100358692888.250000 0 300920029979189.187500 47784700461423.851562 0
4.310000 5398203098083118.000000 1429175795924461.250000 0 306029780029452.000000 50428259455871.132812 0
4.330000 5191015871933136.000000 1330707642913055.000000 0 307549167200448.187500 48491320728814.820312 0
4.350000 5099120884006606.000000 1334295726709050.500000 0 312637584581658.812500 49477578267893.914062 0
4.370000 4936156707184806.000000 1359400081184510.250000 0 295943376121133.187500 46625346242034.585938 0
4.390000 4883882141993718.000000 1417864769869388.000000 0 302360967037273.625000 46567992472485.718750 0
4.410000 4801762015188065.000000 1241373921589415.250000 0 288549496662606.687500 47671519883752.585938 0
4.430000 4617777900672214.000000 1327581002708893.000000 0 294380616627355.687500 45206858389624.070312 0
4.450000 4915259332640442.000000 1340828833512749.500000 0 297408543610440.687500 46509481844019.960938 0
4.470000 4810029369586897.000000 1264651720419158.250000 0 283532364086609.562500 47600804901092.773438 0
4.490000 4654097462826678.000000 1303935505036855.000000 0 294223299787929.125000 48685287279833.210938 0
4.510000 4602438804942420.000000 1225646911791162.750000 0 285726251650769.562500 44598793366299.304688 0
4.530000 4488744065393990.000000 1198062800449329.500000 0 284400459326898.000000 43888148005515.046875 0
4.550000 4358026143428157.000000 1362077937111491.750000 0 276413926677959.750000 45791707772536.578125 0
4.570000 4258025894036472.000000 1178749582491541.500000 0 268209040977242.500000 46108691891018.781250 0
4.590000 4257696513816769.000000 1257553722608245.000000 0 274547466786652.843750 44120049215566.070312 0
4.610000 4202208352401011.500000 1276932033916892.500000 0 277399737458655.031250 45721640628673.257812 0
4.630000 4228268090742129.000000 1124893332319735.250000 0 282442493718414.625000 48546538358907.359375 0
4.650000 4134467959711613.000000 1146723508947360.250000 0 269541511146584.843750 44334531231383.296875 0
4.670000 4056135146104055.000000 1200980892784311.750000 0 264893613231552.812500 43630703597967.101562 0
4.690000 3847163539575455.000000 1135321934260116.250000 0 255548202159833.218750 42893255097048.070312 0
4.710000 3954511469885433.000000 1033993200440983.875000 0 266968435565233.000000 44120694718355.960938 0
4.730000 3840332756488289.000000 1161623020607271.000000 0 266087757784586.312500 42332700092954.960938 0
4.750000 3771381074907512.000000 1190407524135939.500000 0 259327422163708.375000 42653987305245.835938 0
4.770000 3703665073872808.000000 1185532740049023.750000 0 260253507880323.625000 42359800789313.984375 0
4.790000 3674947886867340.500000 1158388386899484.500000 0 245509549010399.437500 43503341061389.359375 0
4.810000 3695182573637530.500000 1094205067516652.875000 0 251704526545143.312500 41841087714621.062500 0
4.830000 3585885742559905.000000 1058713420524702.625000 0 264095778732329.968750 42621237796787.296875 0
4.850000 3417768901753997.000000 1127860245636417.750000 0 255058390236939.625000 40911908317357.250000 0
4.870000 3457530691051705.500000 1111311486343089.000000 0 238201418545534.281250 40271933247437.109375 0
4.890000 3574062519355326.000000 991636973263197.000000 0 248138183424583.562500 41213691223959.945312 0
4.910000 3417543096942056.500000 1081295384444227.500000 0 251847654138497.718750 41603522288041.960938 0
4.930000 3303671491259258.000000 1014173548576716.500000 0 249755498720833.187500 43594999187671.859375 0
4.950000 3297052049471335.000000 1071719098082955.750000 0 240644112090572.312500 39137283711462.179688 0
4.970000 3260874739678400.000000 1020173886981089.625000 0 234998179527937.187500 39685166018372.945312 0
4.990000 3272960918942666.000000 1016584075545713.000000 0 248873555757545.750000 39284785177793.203125 0
5.010000 3083116841437950.500000 1011612736047935.125000 0 248183488469755.062500 39388834618828.609375 0
5.030000 3167882626129920.000000 986271738605259.625000 0 239373947939722.187500 40396481023992.234375 0
5.050000 3101768592455064.000000 966399764225886.875000 0 221949460997121.468750 40714135016947.593750 0
5.070000 3040662451985963.000000 1088391020556256.375000 0 243094365840017.687500 39707074515368.492188 0
5.090000 3103911449854201.000000 926969408835915.250000 0 231775448591944.062500 42229530586681.593750 0
5.110000 2948416072971821.000000 982988845350594.625000 0 230332626240742.593750 38138695865567.109375 0
5.130000 2941489805425714.000000 930730451317314.875000 0 226620432350563.531250 38284527309905.171875 0
5.150000 2963988344119249.000000 960574523772329.250000 0 222055199428639.468750 38767904160330.968750 0
5.170000 2818997332041142.000000 928854632758541.875000 0 220936123906666.031250 37511200452051.015625 0
5.190000 2938454521632936.000000 912440446495617.375000 0 226931702476909.812500 38113306365274.382812 0
5.210000 2844735407635868.500000 910620261132007.750000 0 226881710679467.625000 36676814592548.750000 0
5.230000 2710995839660061.000000 937448583780852.750000 0 215756578110567.656250 36580100076969.125000 0
5.250000 2710503269776792.000000 973962082557140.375000 0 220702907894413.906250 37276497681292.429688 0
5.270000 2680254908152988.000000 947394543583086.875000 0 222406337404374.843750 35861590011084.851562 0
5.290000 2588648080955209.000000 917853677619462.125000 0 213642342385084.281250 36362180605737.460938 0
5.310000 2590032302362011.000000 852016698414083.375000 0 223050433724779.875000 36474093243305.164062 0
5.330000 2482889948831111.000000 874231320746423.125000 0 207988214483319.062500 37308829644292.765625 0
5.350000 2484177277836978.000000 904595464465286.500000 0 220034615482767.343750 34484747282085.199219 0
5.370000 2460836455467199.000000 894080600321668.875000 0 208771894226370.656250 35348946249880.515625 0
5.390000 2511702541551953.000000 924150958564176.875000 0 221452738338372.250000 35772510685779.960938 0
5.410000 2442342974597583.000000 887664538831390.625000 0 200900568036860.843750 34238879810300.894531 0
5.430000 2416297181942761.000000 831024022576143.125000 0 212236519862034.406250 37672415245013.703125 0
5.450000 2356988733459964.000000 948490849785820.500000 0 199769135504663.625000 35687927348534.835938 0
5.470000 2394184718996333.000000 809092430333429.375000 0 199129336976110.593750 36677995234728.398438 0
5.490000 2430272496636146.000000 917717751423347.625000 0 200027572531606.125000 33602925693210.429688 0
5.510000 2335968562566680.000000 795368146364674.625000 0 207573888066210.437500 35921173757699.867188 0
5.530000 2264889832077969.000000 733312270718443.375000 0 200798786769379.312500 34139935960259.515625 0
5.550000 2275420756782154.000000 803852009909923.875000 0 195092507171312.156250 36166720120323.039062 0
5.570000 2213632851755310.000000 762933867265144.125000 0 201188590964152.093750 32829452302090.972656 0
5.590000 2280082772616331.500000 725841923169205.250000 0 194584200606167.531250 33384358007501.773438 0
5.610000 2183674142164810.000000 829209317069091.875000 0 201659738172215.906250 35461247470567.500000 0
5.630000 2165121108389043.500000 775876660978117.000000 0 188670449178240.593750 33804971757563.898438 0
5.650000 2202858683656554.500000 810437881150780.875000 0 185599289885251.062500 32219682953162.402344 0
5.670000 2051551820231135.750000 710331057014256.000000 0 198361388120670.156250 32869038310555.960938 0
5.690000 2186929900058981.500000 750668406441822.000000 0 188622422669835.312500 32530082060267.214844 0
5.710000 2133985866929220.000000 821995999331656.375000 0 188284521743014.968750 34669684492212.089844 0
5.730000 2038134377849154.500000 708758947202144.500000 0 192766019520145.343750 32141620554781.390625 0
5.750000 2178924090962121.500000 750678933406897.250000 0 176698781903042.156250 33493819159309.031250 0
5.770000 2005403494613812.500000 705139391732845.375000 0 184768555763082.437500 33154066121656.476562 0
5.790000 2027982754479938.000000 701810284377875.375000 0 181828263473794.812500 33248119626190.042969 0
5.810000 1966322347575507.000000 743238108515245.000000 0 185298411748090.312500 32274017110636.718750 0
5.830000 1888415065283752.000000 661360915222753.625000 0 192256979882917.531250 30990363263648.355469 0
5.850000 1962152095719968.500000 694052738690084.375000 0 186907744414548.500000 32502371517449.195312 0
5.870000 1922531571785832.000000 640072458910489.875000 0 182345804436696.687500 31743221243758.964844 0
5.890000 1918751747926643.750000 641805880332313.625000 0 173530506658931.281250 31914597754848.843750 0
5.910000 1910375075214401.250000 748191393434040.125000 0 179816844756212.906250 32397416288165.824219 0
5.930000 1774431482235019.000000 644032829970626.500000 0 173405454208618.718750 30607510550572.195312 0
5.950000 1834750334794410.500000 690016853208167.750000 0 172023361372124.625000 31887313454882.058594 0
5.970000 1766959060368091.000000 625805311730385.250000 0 170530152737605.093750 31437387999536.109375 0
5.990000 1758772018330898.750000 658042617427887.500000 0 167865512953523.406250 30006701073011.691406 0
6.010000 1811956286090015.500000 596005580685750.500000 0 162379408356363.500000 29791343283024.386719 0
6.030000 1780092176760248.000000 636507882283245.250000 0 163380466391242.781250 29573695668876.000000 0
6.050000 1761697761348724.500000 636225086143046.000000 0 166504633694817.906250 31955500052037.761719 0
6.070000 1769797502349442.000000 673266641755465.875000 0 171880189365341.218750 27835317217080.000000 0
6.090000 1764848014144847.500000 635133477588021.125000 0 170912800693679.843750 28575226086697.144531 0
6.110000 1645178152377374.250000 661332912777484.750000 0 162524259217511.593750 30083513705748.957031 0
6.130000 1674121202542947.000000 594036987361776.750000 0 164145812790944.718750 28156052837382.882812 0
6.150000 1614283512905599.500000 575710842417593.500000 0 169953757221264.156250 29490336142016.460938 0
6.170000 1678932619215296.500000 658183362623513.625000 0 161848908929106.000000 28199156108553.371094 0
6.190000 1771577350985982.500000 588596443386420.875000 0 154404826996078.875000 28619160049448.257812 0
6.210000 1604816268603761.500000 633721054536666.500000 0 152525015325852.218750 28038048743344.847656 0
6.230000 1586878487259744.250000 610767992180134.250000 0 155991176671817.781250 27636128454894.082031 0
6.250000 1615330419851614.000000 614768441194726.250000 0 159629375817665.000000 26808257005429.914062 0
6.270000 1617073507482652.250000 568280248908885.625000 0 150912060556718.218750 27728170592134.527344 0
6.290000 1588964881343099.000000 580476439493996.500000 0 156427347637519.968750 26584799479536.148438 0
6.310000 1536986815078709.250000 541339692499643.750000 0 163474228641674.281250 28861282355780.167969 0
6.330000 1575259124719293.500000 547371181328909.437500 0 147389655658724.781250 26956133701732.300781 0
6.350000 1547392488803660.000000 522917323604882.750000 0 154684436921971.093750 27948233929253.554688 0
6.370000 1598619761393420.500000 552586547853879.125000 0 143022794433662.156250 26738346230620.609375 0
6.390000 1512214192499857.500000 575522278513538.000000 0 148448436606522.906250 25527324052826.140625 0
6.410000 1464026106416141.000000 540792677139328.000000 0 150818804989369.156250 26952468035276.257812 0
6.430000 1470464631384793.500000 509033187890525.875000 0 155984614746594.312500 25493583928413.730469 0
6.450000 1450097456681826.500000 506874053977529.750000 0 137811965549898.640625 26087476669171.847656 0
6.470000 1474390989588589.000000 539944906618307.812500 0 149491663110087.968750 26409880837305.914062 0
6.490000 1444435815081826.000000 545487685948604.062500 0 146936108310897.000000 26125779728432.277344 0
6.510000 1395143150701963.000000 559707933893052.312500 0 149047223174853.312500 27884170883553.785156 0
6.530000 1445547686584175.250000 527188229675958.187500 0 144893814050530.000000 25780474820542.082031 0
6.550000 1300438780734903.000000 527831455393105.687500 0 147886555914339.906250 25497516303491.839844 0
6.570000 1374100749777054.250000 522748728834491.812500 0 138431879306165.765625 24390654083715.691406 0
6.590000 1448104738668053.750000 494021939276602.375000 0 149351301979240.593750 25478026576316.726562 0
6.610000 1308310820275953.500000 460325355725674.187500 0 136684840707225.078125 24159318656813.234375 0
6.630000 1422814154794458.000000 536295284514369.375000 0 133671919838217.968750 25270444064450.531250 0
6.650000 1401958362109015.500000 483592983758515.312500 0 131034609657005.187500 25845110972183.625000 0
6.670000 1335152610694497.000000 465023128082495.437500 0 133894486214146.625000 24077450599931.953125 0
6.690000 1321483015822192.500000 506421052652282.062500 0 140526220556112.593750 24366298767632.824219 0
6.710000 1364422951010449.500000 500268737969178.125000 0 135587422067278.203125 24348876005105.191406 0
6.730000 1367755581140350.750000 463104819488986.937500 0 143222787862472.875000 26097787150635.039062 0
6.750000 1378741055703452.250000 499792183020023.687500 0 132735489059343.859375 25073013737486.445312 0
6.770000 1262835429411762.500000 463478732574148.062500 0 126275168284220.765625 25616444187181.164062 0
6.790000 1336517171252605.750000 477498667431178.625000 0 125967473226091.703125 23005667672327.937500 0
6.810000 1258780276580068.500000 487000460245286.500000 0 132753485535935.703125 23850430832076.539062 0
6.830000 1248771938390932.000000 481969387523829.062500 0 124914280840822.531250 22663740003951.589844 0
6.850000 1308223629870799.250000 496825184911764.687500 0 134952045395610.390625 23309234791660.906250 0
6.870000 1239584306746924.750000 477412595218212.937500 0 125241129466049.234375 23697883498076.335938 0
6.890000 1240938952313994.000000 461259990210227.562500 0 131221165756586.015625 23393749642908.367188 0
6.910000 1203304124642215.750000 454157751556327.062500 0 121427313069581.125000 23311823933097.855469 0
6.930000 1178498579003183.500000 479843663249548.437500 0 118167242789169.234375 26095666409713.445312 0
6.950000 1234641908724267.500000 454536446390034.437500 0 130479439265270.000000 23499096089387.050781 0
6.970000 1283378768936123.000000 401780046330605.562500 0 115053289046861.265625 24853168052108.519531 0
6.990000 1175641595020540.500000 444371578291980.937500 0 119273978440937.890625 24923940060958.199219 0
7.010000 1223033713656616.000000 412630083250034.375000 0 118537427808889.046875 24453630186190.117188 0
7.030000 1182571058657377.500000 419168678435845.312500 0 123916669960378.046875 24175478685719.351562 0
7.050000 1180439931668496.500000 421894076641029.937500 0 123265059159314.671875 22699489585357.523438 0
7.070000 1199329910001856.250000 370686506300078.312500 0 119245545654329.109375 22322855300816.847656 0
7.090000 1208962335892587.250000 443550556942273.312500 0 115902811607575.484375 21731928617907.566406 0
7.110000 1135267212153729.500000 456367782438920.375000 0 125567647385747.875000 21905392614206.156250 0
7.130000 1137938919342689.000000 407271589913178.875000 0 116245604036791.500000 20465885531254.789062 0
7.150000 1140457875220411.750000 409763775974312.375000 0 121496115501251.984375 19494742638274.875000 0
7.170000 1153441911967216.500000 397413110073426.312500 0 121561854098124.453125 21564716453613.382812 0
7.190000 1094332800712076.500000 421888829336526.562500 0 114766754400824.234375 22252884650576.398438 0
7.210000 1153822149275891.500000 455613957321306.500000 0 110757805365574.953125 20301665253624.304688 0
7.230000 1079763911546875.750000 432698106842380.000000 0 114859166053486.656250 22121200429783.082031 0
7.250000 1101442868508253.875000 440799089690717.250000 0 110804707145591.125000 21347156096395.382812 0
7.270000 1081831420125926.250000 389847642483586.500000 0 111119238567272.296875 21346696173387.843750 0
7.290000 1003236448971904.750000 332551820592437.875000 0 113772042379530.578125 20995155176397.847656 0
7.310000 1031199555913316.125000 358551618652765.187500 0 113767042344060.406250 21339711903461.804688 0
7.330000 1068236714350153.500000 402608461519045.562500 0 109811937368555.171875 20107645070895.234375 0
7.350000 1032544438389874.750000 394905147048916.937500 0 112631456770337.656250 20436140632148.066406 0
7.370000 1042250312448709.750000 360702325937001.187500 0 102222944340753.171875 20026561786850.851562 0
7.390000 1026342155421031.125000 389567055683959.437500 0 108044324223456.765625 20773219361356.445312 0
7.410000 992851768206120.750000 408022708664854.687500 0 103396510681245.500000 21154250324391.664062 0
7.430000 1010264734194448.250000 388756190463281.062500 0 109380045800777.328125 19513062013417.503906 0
7.450000 972012853795679.500000 354828338303090.562500 0 113869596949735.093750 21163067979897.113281 0
7.470000 982070727078079.500000 293614740371944.000000 0 110148084754343.312500 19057928243150.351562 0
7.490000 932645381079340.500000 438747678420860.562500 0 105557139885244.953125 19276952029363.093750 0
7.510000 1009055210659317.875000 356633770449842.000000 0 100106833186349.281250 19937914965807.046875 0
7.530000 922320902343693.250000 389769910060296.750000 0 102058368112837.640625 19617270366815.339844 0
7.550000 953072598970465.250000 366035879587354.375000 0 93786352869277.781250 21515050298992.445312 0
7.570000 978975591673259.000000 351566923709117.562500 0 103120970055476.718750 20324105037733.851562 0
7.590000 930294197783631.625000 366787043774882.562500 0 95806743035792.953125 18278312948749.585938 0
7.610000 960437262120730.875000 362478063653424.750000 0 101285099253099.703125 17902162348305.222656 0
7.630000 953693272116269.500000 326403114298500.000000 0 98290761907812.593750 18654587999454.097656 0
7.650000 910478666311992.625000 333122832370114.062500 0 103857641988421.125000 18868996095864.691406 0
7.670000 965050957418387.500000 331609317981668.375000 0 100400218581219.281250 19803046452256.851562 0
7.690000 908172195253973.500000 306053999440542.625000 0 96005297839282.750000 17540993450042.716797 0
7.710000 930976802904579.750000 342821454415950.062500 0 95809159379279.000000 21410616332736.390625 0
7.730000 913805540200396.500000 304065570860514.687500 0 102258329959094.828125 18479239531281.031250 0
7.750000 918104539910974.000000 401698787441287.812500 0 102319935192364.031250 19013268298759.269531 0
7.770000 902997007286922.875000 380445199893090.812500 0 92901510960958.718750 21920647135145.285156 0
7.790000 870984250368826.750000 365647812444080.812500 0 94801522942304.562500 18688736055336.332031 0
7.810000 880891715488413.125000 332015753539754.812500 0 97647688346642.187500 17289855171493.906250 0
7.830000 863842474396697.750000 289453357822031.250000 0 91469244710181.906250 18140610356239.535156 0
7.850000 909607913922815.500000 312723876550537.750000 0 101228632720148.265625 17620949095489.812500 0
7.870000 860558332193851.625000 345165274692018.562500 0 92374025138085.453125 16723436596876.687500 0
7.890000 818745269955139.875000 285293398583047.937500 0 90160373886909.093750 19004212503519.152344 0
7.910000 845627036173930.500000 347626890133880.875000 0 99447513174372.703125 19801380940319.894531 0
7.930000 917795832766848.750000 317140210413699.187500 0 96282415842392.453125 17499578898726.527344 0
7.950000 808162192210726.750000 310494128605668.125000 0 94614381524497.765625 17219189057309.177734 0
7.970000 798950830166373.250000 323102987834402.562500 0 87695774157980.078125 17451833882476.205078 0
7.990000 842745885525800.500000 265607488336563.625000 0 92490119057973.468750 18492666663294.550781 0
8.010000 803401298101604.250000 274762336496255.250000 0 92097344093695.109375 18042101423769.332031 0
8.030000 784640213733118.500000 268642859541739.625000 0 96939383489368.375000 15983395891140.607422 0
8.050000 798494305726008.250000 289244998198188.000000 0 85592498640109.250000 18971714025807.128906 0
8.070000 836923516075182.500000 275798564632361.468750 0 86204210178842.328125 16863084981242.921875 0
8.090000 788473671697948.000000 285079093353363.687500 0 85327043011155.093750 16276965443199.464844 0
8.110000 801064579850454.000000 279992546076960.468750 0 86113150439237.468750 16947774917113.302734 0
8.130000 759998000596212.000000 274189062871685.343750 0 86048605309170.140625 17035743631735.021484 0
8.150000 761049975685065.875000 300798833244779.312500 0 91385269123734.187500 17484630023494.771484 0
8.170000 788808276609379.750000 278778086310859.968750 0 84524437469231.640625 17073292700142.779297 0
8.190000 806058502892679.500000 266664632908074.625000 0 90304883207239.843750 16627435188227.634766 0
8.210000 775230454482534.000000 273587588306523.156250 0 85234651560919.187500 16403168831507.521484 0
8.230000 750377153289051.750000 257603218526917.000000 0 87044109916088.281250 15489070810333.183594 0
8.250000 725521337529691.000000 271291807404123.687500 0 90904217759205.125000 14950389230045.751953 0
8.270000 721491763427659.250000 250911454759605.437500 0 86320463304902.484375 15902074550476.019531 0
8.290000 743114970465179.000000 261777664034749.250000 0 79494629567505.609375 16901840012979.138672 0
8.310000 729286927387520.875000 265189183538095.750000 0 84727199828255.406250 15054478227769.722656 0
8.330000 733380222710790.500000 260758347998254.125000 0 88070880157034.718750 17371899361670.927734 0
8.350000 716723805453226.750000 236401675960936.000000 0 79765998154430.750000 14988816268754.833984 0
8.370000 742135511189368.375000 253880202874726.968750 0 78325222501816.546875 15328798457689.625000 0
8.390000 684118238019839.250000 238263117011643.250000 0 83443452852623.781250 14999631483468.187500 0
8.410000 675406855805895.875000 296288967700652.750000 0 77824022922314.500000 14477925928987.550781 0
8.430000 689449777132248.500000 244963169058507.718750 0 82730646061790.171875 16650564188119.564453 0
8.450000 698923024001601.250000 214143523155104.906250 0 74868653175622.781250 14556853696769.937500 0
8.470000 662657123035943.875000 244011659755172.125000 0 78257895546677.968750 18765392473874.667969 0
8.490000 716866717346772.500000 263955346346709.406250 0 74054845797243.640625 14820867870379.603516 0
8.510000 660138961755633.125000 262406164555015.750000 0 75996410255995.375000 15483104112939.107422 0
8.530000 679490596296042.250000 250654325044643.437500 0 79412342070487.828125 13530627455239.392578 0
8.550000 687113542898865.750000 249172476001823.062500 0 81228716605329.046875 16232686644119.167969 0
8.570000 683022893060718.500000 243159848094854.781250 0 78169812682912.296875 15235624008972.361328 0
8.590000 665618771855454.625000 245895565322658.281250 0 78110887714220.843750 15633919132285.785156 0
8.610000 639349055099286.750000 268925284832366.406250 0 76538967860910.921875 13954194546399.179688 0
8.630000 678376477217596.125000 265757214056210.468750 0 69600958287091.867188 14404137350158.636719 0
8.650000 643075308133731.000000 242987815669537.750000 0 76469474094603.656250 13645860548204.138672 0
8.670000 657343006750270.250000 230037819256214.375000 0 77652645562986.750000 12690253727969.978516 0
8.690000 619923519741837.250000 190511286857644.156250 0 72184623758236.171875 13968341132977.552734 0
8.710000 624737096742841.125000 240330297787973.062500 0 72421413460677.421875 15034792680127.335938 0
8.730000 597551146659217.500000 228362909664717.156250 0 72509717834979.046875 14451681407735.763672 0
8.750000 634916385566663.000000 230861483097565.406250 0 73672344477354.328125 14862937573070.082031 0
8.770000 633253092144091.500000 251480941234649.000000 0 73945505820041.343750 13596208256973.734375 0
8.790000 616199974452402.625000 213506999082677.531250 0 70606222006066.843750 13481963881976.396484 0
8.810000 592035453475600.500000 189210159110088.937500 0 73137259449707.921875 14444881464648.019531 0
8.830000 611839627170886.750000 229552670549683.531250 0 68157334869674.273438 13698865197024.417969 0
8.850000 590393471958860.375000 199962469726685.437500 0 74352191013250.593750 13762164281846.736328 0
8.870000 571029897459228.875000 241662844146960.656250 0 66411873349392.835938 12568974890540.849609 0
8.890000 617333869843518.500000 210271580954539.781250 0 72872830803161.296875 13526956715944.119141 0
8.910000 595671409697391.500000 201034772338840.781250 0 73244857984440.031250 13289198939895.900391 0
8.930000 597236908202985.750000 231143873121368.031250 0 69303438041671.937500 12752293184478.607422 0
8.950000 576430283041106.250000 196781933558734.812500 0 70200609761414.078125 13814923351061.705078 0
8.970000 560124726642231.812500 202788066264186.375000 0 65596325482701.351562 13298877769473.419922 0
8.990000 593632039710349.500000 227153771304397.687500 0 70469519877892.031250 12419055864266.458984 0
9.010000 575570462791442.375000 212479009610678.406250 0 68453465789783.351562 14588584317976.333984 0
9.030000 557697648124559.875000 219228013390945.656250 0 64429479948391.187500 13104921903137.902344 0
9.050000 551729760668329.750000 238001248510211.875000 0 68540627097492.984375 13086442492776.160156 0
9.070000 574571993021481.250000 208816725388916.375000 0 62169379466883.695312 13613416812121.589844 0
9.090000 553963766918213.250000 229891827854153.468750 0 67709364849882.710938 15065811191415.871094 0
9.110000 529570618557065.312500 215503643426728.406250 0 69531647548864.468750 13310053250322.880859 0
9.130000 565214443675490.500000 182458467142826.187500 0 62181535729632.156250 12477587767991.945312 0
9.150000 529415695680394.750000 218422949559585.250000 0 62716923864009.265625 13081591640618.412109 0
9.170000 536479400717568.500000 204544586252187.593750 0 74719940356511.359375 12002283018103.166016 0
9.190000 534317826054750.375000 242803245652482.656250 0 67100656080234.390625 11193014121896.376953 0
9.210000 526785152041055.375000 190737936243069.906250 0 68074917157642.117188 14137807875336.666016 0
9.230000 559154991158631.750000 187357483524062.718750 0 69039941133246.367188 11740626533332.484375 0
9.250000 515672651031287.375000 174705973754035.625000 0 66728417029829.101562 12850373695307.013672 0
9.270000 527352591760344.750000 177270970791507.812500 0 67567455387039.664062 12915433695275.265625 0
9.290000 506482826916140.875000 201489235255879.406250 0 56126534286308.429688 12138971856220.496094 0
9.310000 530712506813687.625000 204327223976782.875000 0 66208381629543.453125 16037712855339.191406 0
9.330000 496536556747116.625000 190297529626227.718750 0 59494478084520.390625 11633319884918.837891 0
9.350000 527591552116406.250000 197815144994280.562500 0 69316924396470.179688 11131907491896.509766 0
9.370000 497496523008882.875000 201463422640186.843750 0 66404355442792.984375 12909789808043.871094 0
9.390000 485578241308596.250000 198036788912697.625000 0 60191663747273.648438 12406010215878.753906 0
9.410000 506930881038755.250000 171845149139351.625000 0 62237613003269.015625 11497181833185.912109 0
9.430000 503379907900572.312500 194322337261354.968750 0 59464923617621.156250 11101285649101.867188 0
9.450000 484850510596105.375000 192998743446080.187500 0 58446689579371.125000 12174116757771.406250 0
9.470000 465566971358716.375000 171089975463261.937500 0 60243093832241.757812 11547267220118.169922 0
9.490000 487294875467177.375000 160882800624824.281250 0 62087745053417.664062 11563119213139.726562 0
9.510000 483439034191237.000000 156764874819846.687500 0 59065187440532.484375 12255223719479.289062 0
9.530000 479711588421626.250000 193853065419091.906250 0 61994308101833.679688 12470228287634.904297 0
9.550000 489007971032380.750000 148948630356703.593750 0 60055806899328.562500 12334366709188.421875 0
9.570000 460367620357912.375000 164018334024190.062500 0 61570240878460.859375 11295903122429.691406 0
9.590000 458509003295395.125000 140194894814927.984375 0 55871388870758.914062 11236054268303.935547 0
9.610000 443826235814572.875000 190212804372938.125000 0 55910865612268.593750 11120130841415.300781 0
9.630000 463843129376489.250000 175424789497967.843750 0 57678739734943.898438 11658553118888.794922 0
9.650000 441981432635382.625000 181562844025142.437500 0 55328247284997.718750 11308720823431.646484 0
9.670000 445327573089310.125000 138710689181015.515625 0 58364023929061.796875 10091378809083.687500 0
9.690000 421399748781084.750000 122780682618633.187500 0 60762920717239.046875 10478349807670.693359 0
9.710000 446449783599172.375000 184717207960380.437500 0 58357781732305.554688 12494330975645.023438 0
9.730000 428806068115241.250000 145542730736513.093750 0 59421286721160.554688 11464428542590.808594 0
9.750000 414500556173318.375000 150806204378788.625000 0 52064558458648.984375 13445489859284.558594 0
9.770000 424223752122325.750000 173953454467770.625000 0 52277017246136.835938 11246472688346.642578 0
9.790000 419616115440521.000000 171910413052943.937500 0 49254761176865.218750 11724213342039.578125 0
9.810000 401964095622129.375000 155155212824670.187500 0 54509092601010.968750 12661788515396.675781 0
9.830000 441896742348261.500000 133909816004971.187500 0 55115957705949.367188 11362056432898.226562 0
9.850000 398906972013722.687500 139993073608001.437500 0 54541041082740.593750 9252870011403.558594 0
9.870000 424454292847014.312500 169209293047880.781250 0 51577290230040.296875 11468767062603.953125 0
9.890000 390322985164287.750000 170986844187521.062500 0 52997623385808.039062 10138608417777.119141 0
9.910000 416105063063901.187500 157847131873316.250000 0 53723676380746.046875 10199872024625.779297 0
9.930000 403447344539455.312500 164957533345040.812500 0 52805335500709.640625 9730095449842.162109 0
9.950000 409647027428303.000000 162057501266396.531250 0 52971984836258.468750 12216130895669.773438 0
9.970000 384895588726739.875000 174612079113660.906250 0 54789684549908.640625 9771569086943.580078 0
9.990000 395363612428822.125000 114546980228737.953125 0 51758195352159.078125 11385966859958.992188 0
