0.0396 -180 1664.74
0.0396 -172.8 1539.29
0.0396 -165.6 1422.05
0.0396 -158.4 1314.49
0.0396 -151.2 1217
0.0396 -144 1129.24
0.0396 -136.8 1050.54
0.0396 -129.6 980.303
0.0396 -122.4 918.239
0.0396 -115.2 864.321
0.0396 -108 818.357
0.0396 -100.8 779.44
0.0396 -93.6 745.79
0.0396 -86.4 715.243
0.0396 -79.2 686.116
0.0396 -72 657.827
0.0396 -64.8 630.964
0.0396 -57.6 606.958
0.0396 -50.4 587.7
0.0396 -43.2 575.251
0.0396 -36 571.69
0.0396 -28.8 579.041
0.0396 -21.6 599.226
0.0396 -14.4 634.026
0.0396 -7.2 685.008
0.0396 6.36111e-14 753.442
0.0396 7.2 840.166
0.0396 14.4 945.422
0.0396 21.6 1068.67
0.0396 28.8 1208.37
0.0396 36 1361.79
0.0396 43.2 1524.87
0.0396 50.4 1692.21
0.0396 57.6 1857.2
0.0396 64.8 2012.5
0.0396 72 2150.91
0.0396 79.2 2266.63
0.0396 86.4 2356.59
0.0396 93.6 2421.04
0.0396 100.8 2462.68
0.0396 108 2484.48
0.0396 115.2 2487.5
0.0396 122.4 2470.49
0.0396 129.6 2431.21
0.0396 136.8 2368.34
0.0396 144 2282.72
0.0396 151.2 2177.48
0.0396 158.4 2057.45
0.0396 165.6 1928.31
0.0396 172.8 1795.73

0.0411938 -180 1578.13
0.0411938 -172.8 1456.26
0.0411938 -165.6 1343.03
0.0411938 -158.4 1239.75
0.0411938 -151.2 1146.67
0.0411938 -144 1063.35
0.0411938 -136.8 988.993
0.0411938 -129.6 922.889
0.0411938 -122.4 864.605
0.0411938 -115.2 813.947
0.0411938 -108 770.58
0.0411938 -100.8 733.551
0.0411938 -93.6 701.158
0.0411938 -86.4 671.396
0.0411938 -79.2 642.723
0.0411938 -72 614.621
0.0411938 -64.8 587.668
0.0411938 -57.6 563.26
0.0411938 -50.4 543.252
0.0411938 -43.2 529.685
0.0411938 -36 524.628
0.0411938 -28.8 530.104
0.0411938 -21.6 548.041
0.0411938 -14.4 580.229
0.0411938 -7.2 628.258
0.0411938 6.36111e-14 693.435
0.0411938 7.2 776.653
0.0411938 14.4 878.235
0.0411938 21.6 997.736
0.0411938 28.8 1133.73
0.0411938 36 1283.62
0.0411938 43.2 1443.46
0.0411938 50.4 1607.99
0.0411938 57.6 1770.7
0.0411938 64.8 1924.41
0.0411938 72 2062.02
0.0411938 79.2 2177.76
0.0411938 86.4 2268.39
0.0411938 93.6 2333.76
0.0411938 100.8 2376.02
0.0411938 108 2397.63
0.0411938 115.2 2399.57
0.0411938 122.4 2380.84
0.0411938 129.6 2339.69
0.0411938 136.8 2275.25
0.0411938 144 2188.68
0.0411938 151.2 2083.27
0.0411938 158.4 1963.94
0.0411938 165.6 1836.34
0.0411938 172.8 1706.1

0.0428176 -180 1493.31
0.0428176 -172.8 1375.21
0.0428176 -165.6 1266.14
0.0428176 -158.4 1167.25
0.0428176 -151.2 1078.66
0.0428176 -144 999.809
0.0428176 -136.8 929.804
0.0428176 -129.6 867.81
0.0428176 -122.4 813.263
0.0428176 -115.2 765.819
0.0428176 -108 725.019
0.0428176 -100.8 689.872
0.0428176 -93.6 658.752
0.0428176 -86.4 629.798
0.0428176 -79.2 601.601
0.0428176 -72 573.703
0.0428176 -64.8 546.683
0.0428176 -57.6 521.906
0.0428176 -50.4 501.193
0.0428176 -43.2 486.561
0.0428176 -36 480.066
0.0428176 -28.8 483.724
0.0428176 -21.6 499.458
0.0428176 -14.4 529.061
0.0428176 -7.2 574.139
0.0428176 6.36111e-14 636.028
0.0428176 7.2 715.672
0.0428176 14.4 813.467
0.0428176 21.6 929.066
0.0428176 28.8 1061.16
0.0428176 36 1207.27
0.0428176 43.2 1363.62
0.0428176 50.4 1525.04
0.0428176 57.6 1685.21
0.0428176 64.8 1837.06
0.0428176 72 1973.59
0.0428176 79.2 2089.07
0.0428176 86.4 2180.09
0.0428176 93.6 2246.13
0.0428176 100.8 2288.82
0.0428176 108 2310.21
0.0428176 115.2 2311.15
0.0428176 122.4 2290.9
0.0428176 129.6 2248.12
0.0428176 136.8 2182.38
0.0428176 144 2095.13
0.0428176 151.2 1989.85
0.0428176 158.4 1871.49
0.0428176 165.6 1745.7
0.0428176 172.8 1618.04

0.0444714 -180 1410.45
0.0444714 -172.8 1296.28
0.0444714 -165.6 1191.49
0.0444714 -158.4 1097.07
0.0444714 -151.2 1013.02
0.0444714 -144 938.656
0.0444714 -136.8 872.984
0.0444714 -129.6 815.06
0.0444714 -122.4 764.196
0.0444714 -115.2 719.914
0.0444714 -108 681.644
0.0444714 -100.8 648.368
0.0444714 -93.6 618.529
0.0444714 -86.4 590.403
0.0444714 -79.2 562.701
0.0444714 -72 535.029
0.0444714 -64.8 507.97
0.0444714 -57.6 482.861
0.0444714 -50.4 461.492
0.0444714 -43.2 445.855
0.0444714 -36 437.988
0.0444714 -28.8 439.889
0.0444714 -21.6 453.474
0.0444714 -14.4 480.531
0.0444714 -7.2 522.673
0.0444714 6.36111e-14 581.259
0.0444714 7.2 657.279
0.0444714 14.4 751.197
0.0444714 21.6 862.758
0.0444714 28.8 990.772
0.0444714 36 1132.9
0.0444714 43.2 1285.49
0.0444714 50.4 1443.56
0.0444714 57.6 1600.9
0.0444714 64.8 1750.6
0.0444714 72 1885.79
0.0444714 79.2 2000.72
0.0444714 86.4 2091.87
0.0444714 93.6 2158.34
0.0444714 100.8 2201.29
0.0444714 108 2222.41
0.0444714 115.2 2222.44
0.0444714 122.4 2200.84
0.0444714 129.6 2156.68
0.0444714 136.8 2089.91
0.0444714 144 2002.27
0.0444714 151.2 1897.39
0.0444714 158.4 1780.28
0.0444714 165.6 1656.57
0.0444714 172.8 1531.72

0.0461551 -180 1329.67
0.0461551 -172.8 1219.58
0.0461551 -165.6 1119.17
0.0461551 -158.4 1029.28
0.0461551 -151.2 949.795
0.0461551 -144 879.912
0.0461551 -136.8 818.539
0.0461551 -129.6 764.632
0.0461551 -122.4 717.387
0.0461551 -115.2 676.204
0.0461551 -108 640.421
0.0461551 -100.8 608.996
0.0461551 -93.6 580.444
0.0461551 -86.4 553.161
0.0461551 -79.2 525.974
0.0461551 -72 498.552
0.0461551 -64.8 471.484
0.0461551 -57.6 446.086
0.0461551 -50.4 424.117
0.0461551 -43.2 407.539
0.0461551 -36 398.368
0.0461551 -28.8 398.582
0.0461551 -21.6 410.08
0.0461551 -14.4 434.639
0.0461551 -7.2 473.873
0.0461551 6.36111e-14 529.157
0.0461551 7.2 601.518
0.0461551 14.4 691.486
0.0461551 21.6 798.897
0.0461551 28.8 922.677
0.0461551 36 1060.62
0.0461551 43.2 1209.24
0.0461551 50.4 1363.68
0.0461551 57.6 1517.94
0.0461551 64.8 1665.23
0.0461551 72 1798.79
0.0461551 79.2 1912.91
0.0461551 86.4 2003.9
0.0461551 93.6 2070.56
0.0461551 100.8 2113.63
0.0461551 108 2134.44
0.0461551 115.2 2133.63
0.0461551 122.4 2110.87
0.0461551 129.6 2065.57
0.0461551 136.8 1998.04
0.0461551 144 1910.28
0.0461551 151.2 1806.08
0.0461551 158.4 1690.5
0.0461551 165.6 1569.11
0.0461551 172.8 1447.31

0.0478685 -180 1251.1
0.0478685 -172.8 1145.22
0.0478685 -165.6 1049.25
0.0478685 -158.4 963.941
0.0478685 -151.2 889.022
0.0478685 -144 823.592
0.0478685 -136.8 766.469
0.0478685 -129.6 716.51
0.0478685 -122.4 672.809
0.0478685 -115.2 634.657
0.0478685 -108 601.312
0.0478685 -100.8 571.715
0.0478685 -93.6 544.448
0.0478685 -86.4 518.021
0.0478685 -79.2 491.37
0.0478685 -72 464.223
0.0478685 -64.8 437.181
0.0478685 -57.6 411.54
0.0478685 -50.4 389.027
0.0478685 -43.2 371.577
0.0478685 -36 361.177
0.0478685 -28.8 359.779
0.0478685 -21.6 369.258
0.0478685 -14.4 391.376
0.0478685 -7.2 427.739
0.0478685 6.36111e-14 479.734
0.0478685 7.2 548.421
0.0478685 14.4 634.387
0.0478685 21.6 737.555
0.0478685 28.8 856.966
0.0478685 36 990.554
0.0478685 43.2 1134.98
0.0478685 50.4 1285.58
0.0478685 57.6 1436.5
0.0478685 64.8 1581.12
0.0478685 72 1712.78
0.0478685 79.2 1825.81
0.0478685 86.4 1916.38
0.0478685 93.6 1983.01
0.0478685 100.8 2026.04
0.0478685 108 2046.5
0.0478685 115.2 2044.94
0.0478685 122.4 2021.19
0.0478685 129.6 1974.98
0.0478685 136.8 1906.96
0.0478685 144 1819.37
0.0478685 151.2 1716.13
0.0478685 158.4 1602.32
0.0478685 165.6 1483.5
0.0478685 172.8 1364.94

0.0496115 -180 1174.85
0.0496115 -172.8 1073.28
0.0496115 -165.6 981.824
0.0496115 -158.4 901.098
0.0496115 -151.2 830.726
0.0496115 -144 769.706
0.0496115 -136.8 716.765
0.0496115 -129.6 670.676
0.0496115 -122.4 630.436
0.0496115 -115.2 595.241
0.0496115 -108 564.277
0.0496115 -100.8 536.48
0.0496115 -93.6 510.492
0.0496115 -86.4 484.932
0.0496115 -79.2 458.836
0.0496115 -72 431.992
0.0496115 -64.8 405.012
0.0496115 -57.6 379.176
0.0496115 -50.4 356.182
0.0496115 -43.2 337.932
0.0496115 -36 326.379
0.0496115 -28.8 323.447
0.0496115 -21.6 330.982
0.0496115 -14.4 350.723
0.0496115 -7.2 384.265
0.0496115 6.36111e-14 432.997
0.0496115 7.2 498.007
0.0496115 14.4 579.936
0.0496115 21.6 678.79
0.0496115 28.8 793.721
0.0496115 36 922.802
0.0496115 43.2 1062.86
0.0496115 50.4 1209.39
0.0496115 57.6 1356.73
0.0496115 64.8 1498.42
0.0496115 72 1627.93
0.0496115 79.2 1739.6
0.0496115 86.4 1829.5
0.0496115 93.6 1895.88
0.0496115 100.8 1938.74
0.0496115 108 1958.8
0.0496115 115.2 1956.57
0.0496115 122.4 1932
0.0496115 129.6 1885.11
0.0496115 136.8 1816.86
0.0496115 144 1729.71
0.0496115 151.2 1627.69
0.0496115 158.4 1515.92
0.0496115 165.6 1399.88
0.0496115 172.8 1284.76

0.0513841 -180 1101.04
0.0513841 -172.8 1003.84
0.0513841 -165.6 916.933
0.0513841 -158.4 840.789
0.0513841 -151.2 774.928
0.0513841 -144 718.254
0.0513841 -136.8 669.416
0.0513841 -129.6 627.107
0.0513841 -122.4 590.236
0.0513841 -115.2 557.917
0.0513841 -108 529.276
0.0513841 -100.8 503.245
0.0513841 -93.6 478.526
0.0513841 -86.4 453.841
0.0513841 -79.2 428.319
0.0513841 -72 401.805
0.0513841 -64.8 374.927
0.0513841 -57.6 348.948
0.0513841 -50.4 325.536
0.0513841 -43.2 306.558
0.0513841 -36 293.934
0.0513841 -28.8 289.551
0.0513841 -21.6 295.221
0.0513841 -14.4 312.655
0.0513841 -7.2 343.432
0.0513841 6.36111e-14 388.939
0.0513841 7.2 450.286
0.0513841 14.4 528.161
0.0513841 21.6 622.648
0.0513841 28.8 733.008
0.0513841 36 857.454
0.0513841 43.2 992.972
0.0513841 50.4 1135.25
0.0513841 57.6 1278.79
0.0513841 64.8 1417.31
0.0513841 72 1544.42
0.0513841 79.2 1654.47
0.0513841 86.4 1743.46
0.0513841 93.6 1809.38
0.0513841 100.8 1851.92
0.0513841 108 1871.57
0.0513841 115.2 1868.73
0.0513841 122.4 1843.5
0.0513841 129.6 1796.16
0.0513841 136.8 1727.93
0.0513841 144 1641.49
0.0513841 151.2 1540.95
0.0513841 158.4 1431.45
0.0513841 165.6 1318.41
0.0513841 172.8 1206.88

0.053186 -180 1029.75
0.053186 -172.8 936.979
0.053186 -165.6 854.629
0.053186 -158.4 783.042
0.053186 -151.2 721.636
0.053186 -144 669.233
0.053186 -136.8 624.405
0.053186 -129.6 585.775
0.053186 -122.4 552.176
0.053186 -115.2 522.646
0.053186 -108 496.265
0.053186 -100.8 471.962
0.053186 -93.6 448.5
0.053186 -86.4 424.695
0.053186 -79.2 399.765
0.053186 -72 373.611
0.053186 -64.8 346.875
0.053186 -57.6 320.804
0.053186 -50.4 297.039
0.053186 -43.2 277.41
0.053186 -36 263.796
0.053186 -28.8 258.046
0.053186 -21.6 261.934
0.053186 -14.4 277.138
0.053186 -7.2 305.214
0.053186 6.36111e-14 347.544
0.053186 7.2 405.254
0.053186 14.4 479.074
0.053186 21.6 569.162
0.053186 28.8 674.883
0.053186 36 794.588
0.053186 43.2 925.426
0.053186 50.4 1063.27
0.053186 57.6 1202.81
0.053186 64.8 1337.94
0.053186 72 1462.4
0.053186 79.2 1570.6
0.053186 86.4 1658.44
0.053186 93.6 1723.71
0.053186 100.8 1765.81
0.053186 108 1785
0.053186 115.2 1781.63
0.053186 122.4 1755.9
0.053186 129.6 1708.33
0.053186 136.8 1640.37
0.053186 144 1554.88
0.053186 151.2 1456.07
0.053186 158.4 1349.06
0.053186 165.6 1239.2
0.053186 172.8 1131.43

0.0550173 -180 961.054
0.0550173 -172.8 872.749
0.0550173 -165.6 794.948
0.0550173 -158.4 727.876
0.0550173 -151.2 670.855
0.0550173 -144 622.63
0.0550173 -136.8 581.709
0.0550173 -129.6 546.649
0.0550173 -122.4 516.218
0.0550173 -115.2 489.388
0.0550173 -108 465.198
0.0550173 -100.8 442.583
0.0550173 -93.6 420.363
0.0550173 -86.4 397.44
0.0550173 -79.2 373.12
0.0550173 -72 347.355
0.0550173 -64.8 320.802
0.0550173 -57.6 294.695
0.0550173 -50.4 270.642
0.0550173 -43.2 250.436
0.0550173 -36 235.916
0.0550173 -28.8 228.885
0.0550173 -21.6 231.077
0.0550173 -14.4 244.131
0.0550173 -7.2 269.578
0.0550173 6.36111e-14 308.789
0.0550173 7.2 362.9
0.0550173 14.4 432.679
0.0550173 21.6 518.353
0.0550173 28.8 619.387
0.0550173 36 734.267
0.0550173 43.2 860.305
0.0550173 50.4 993.556
0.0550173 57.6 1128.91
0.0550173 64.8 1260.45
0.0550173 72 1382.04
0.0550173 79.2 1488.15
0.0550173 86.4 1574.62
0.0550173 93.6 1639.06
0.0550173 100.8 1680.6
0.0550173 108 1699.32
0.0550173 115.2 1695.48
0.0550173 122.4 1669.4
0.0550173 129.6 1621.8
0.0550173 136.8 1554.34
0.0550173 144 1470.05
0.0550173 151.2 1373.21
0.0550173 158.4 1268.9
0.0550173 165.6 1162.39
0.0550173 172.8 1058.49

0.0568776 -180 895.019
0.0568776 -172.8 811.194
0.0568776 -165.6 737.916
0.0568776 -158.4 675.3
0.0568776 -151.2 622.579
0.0568776 -144 578.43
0.0568776 -136.8 541.302
0.0568776 -129.6 509.697
0.0568776 -122.4 482.323
0.0568776 -115.2 458.1
0.0568776 -108 436.03
0.0568776 -100.8 415.059
0.0568776 -93.6 394.062
0.0568776 -86.4 372.025
0.0568776 -79.2 348.331
0.0568776 -72 322.984
0.0568776 -64.8 296.656
0.0568776 -57.6 270.565
0.0568776 -50.4 246.291
0.0568776 -43.2 225.586
0.0568776 -36 210.242
0.0568776 -28.8 202.017
0.0568776 -21.6 202.6
0.0568776 -14.4 213.589
0.0568776 -7.2 236.484
0.0568776 6.36111e-14 272.642
0.0568776 7.2 323.203
0.0568776 14.4 388.97
0.0568776 21.6 470.231
0.0568776 28.8 566.55
0.0568776 36 676.542
0.0568776 43.2 797.683
0.0568776 50.4 926.213
0.0568776 57.6 1057.22
0.0568776 64.8 1184.98
0.0568776 72 1303.49
0.0568776 79.2 1407.3
0.0568776 86.4 1492.2
0.0568776 93.6 1555.62
0.0568776 100.8 1596.5
0.0568776 108 1614.71
0.0568776 115.2 1610.48
0.0568776 122.4 1584.19
0.0568776 129.6 1536.75
0.0568776 136.8 1470.03
0.0568776 144 1387.17
0.0568776 151.2 1292.5
0.0568776 158.4 1191.08
0.0568776 165.6 1088.07
0.0568776 172.8 988.145

0.0587671 -180 831.696
0.0587671 -172.8 752.348
0.0587671 -165.6 683.551
0.0587671 -158.4 625.316
0.0587671 -151.2 576.797
0.0587671 -144 536.61
0.0587671 -136.8 503.154
0.0587671 -129.6 474.882
0.0587671 -122.4 450.452
0.0587671 -115.2 428.737
0.0587671 -108 408.715
0.0587671 -100.8 389.342
0.0587671 -93.6 369.547
0.0587671 -86.4 348.395
0.0587671 -79.2 325.343
0.0587671 -72 300.444
0.0587671 -64.8 274.382
0.0587671 -57.6 248.362
0.0587671 -50.4 223.932
0.0587671 -43.2 202.802
0.0587671 -36 186.717
0.0587671 -28.8 177.386
0.0587671 -21.6 176.448
0.0587671 -14.4 185.459
0.0587671 -7.2 205.884
0.0587671 6.36111e-14 239.061
0.0587671 7.2 286.133
0.0587671 14.4 347.929
0.0587671 21.6 424.795
0.0587671 28.8 516.389
0.0587671 36 621.452
0.0587671 43.2 737.619
0.0587671 50.4 861.32
0.0587671 57.6 987.845
0.0587671 64.8 1111.65
0.0587671 72 1226.9
0.0587671 79.2 1328.21
0.0587671 86.4 1411.34
0.0587671 93.6 1473.59
0.0587671 100.8 1513.71
0.0587671 108 1531.39
0.0587671 115.2 1526.82
0.0587671 122.4 1500.46
0.0587671 129.6 1453.37
0.0587671 136.8 1387.59
0.0587671 144 1306.37
0.0587671 151.2 1214.08
0.0587671 158.4 1115.71
0.0587671 165.6 1016.34
0.0587671 172.8 920.477

0.0606854 -180 771.124
0.0606854 -172.8 696.233
0.0606854 -165.6 631.859
0.0606854 -158.4 577.918
0.0606854 -151.2 533.491
0.0606854 -144 497.143
0.0606854 -136.8 467.23
0.0606854 -129.6 442.163
0.0606854 -122.4 420.56
0.0606854 -115.2 401.255
0.0606854 -108 383.206
0.0606854 -100.8 365.383
0.0606854 -93.6 346.767
0.0606854 -86.4 326.498
0.0606854 -79.2 304.103
0.0606854 -72 279.68
0.0606854 -64.8 253.925
0.0606854 -57.6 228.03
0.0606854 -50.4 203.509
0.0606854 -43.2 182.028
0.0606854 -36 165.284
0.0606854 -28.8 154.933
0.0606854 -21.6 152.563
0.0606854 -14.4 159.685
0.0606854 -7.2 177.725
0.0606854 6.36111e-14 208.001
0.0606854 7.2 251.653
0.0606854 14.4 309.531
0.0606854 21.6 382.036
0.0606854 28.8 468.912
0.0606854 36 569.023
0.0606854 43.2 680.164
0.0606854 50.4 798.948
0.0606854 57.6 920.866
0.0606854 64.8 1040.57
0.0606854 72 1152.38
0.0606854 79.2 1251.02
0.0606854 86.4 1332.21
0.0606854 93.6 1393.14
0.0606854 100.8 1432.4
0.0606854 108 1449.54
0.0606854 115.2 1444.68
0.0606854 122.4 1418.38
0.0606854 129.6 1371.82
0.0606854 136.8 1307.18
0.0606854 144 1227.8
0.0606854 151.2 1138.05
0.0606854 158.4 1042.9
0.0606854 165.6 947.265
0.0606854 172.8 855.539

0.0626325 -180 713.333
0.0626325 -172.8 642.861
0.0626325 -165.6 582.838
0.0626325 -158.4 533.091
0.0626325 -151.2 492.638
0.0626325 -144 459.997
0.0626325 -136.8 433.492
0.0626325 -129.6 411.5
0.0626325 -122.4 392.604
0.0626325 -115.2 375.608
0.0626325 -108 359.454
0.0626325 -100.8 343.132
0.0626325 -93.6 325.671
0.0626325 -86.4 306.282
0.0626325 -79.2 284.559
0.0626325 -72 260.639
0.0626325 -64.8 235.232
0.0626325 -57.6 209.513
0.0626325 -50.4 184.964
0.0626325 -43.2 163.205
0.0626325 -36 145.881
0.0626325 -28.8 134.596
0.0626325 -21.6 130.883
0.0626325 -14.4 136.205
0.0626325 -7.2 151.951
0.0626325 6.36111e-14 179.41
0.0626325 7.2 219.717
0.0626325 14.4 273.742
0.0626325 21.6 341.933
0.0626325 28.8 424.115
0.0626325 36 519.272
0.0626325 43.2 625.352
0.0626325 50.4 739.152
0.0626325 57.6 856.367
0.0626325 64.8 971.843
0.0626325 72 1080.08
0.0626325 79.2 1175.86
0.0626325 86.4 1254.95
0.0626325 93.6 1314.44
0.0626325 100.8 1352.75
0.0626325 108 1369.33
0.0626325 115.2 1364.25
0.0626325 122.4 1338.13
0.0626325 129.6 1292.26
0.0626325 136.8 1228.93
0.0626325 144 1151.57
0.0626325 151.2 1064.54
0.0626325 158.4 972.721
0.0626325 165.6 880.924
0.0626325 172.8 793.378

0.0646083 -180 658.338
0.0646083 -172.8 592.233
0.0646083 -165.6 536.477
0.0646083 -158.4 490.814
0.0646083 -151.2 454.207
0.0646083 -144 425.138
0.0646083 -136.8 401.901
0.0646083 -129.6 382.85
0.0646083 -122.4 366.54
0.0646083 -115.2 351.749
0.0646083 -108 337.414
0.0646083 -100.8 322.541
0.0646083 -93.6 306.21
0.0646083 -86.4 287.697
0.0646083 -79.2 266.657
0.0646083 -72 243.268
0.0646083 -64.8 218.247
0.0646083 -57.6 192.756
0.0646083 -50.4 168.239
0.0646083 -43.2 146.272
0.0646083 -36 128.447
0.0646083 -28.8 116.311
0.0646083 -21.6 111.343
0.0646083 -14.4 114.957
0.0646083 -7.2 128.498
0.0646083 6.36111e-14 153.23
0.0646083 7.2 190.276
0.0646083 14.4 240.522
0.0646083 21.6 304.457
0.0646083 28.8 381.984
0.0646083 36 472.202
0.0646083 43.2 573.208
0.0646083 50.4 681.98
0.0646083 57.6 794.415
0.0646083 64.8 905.558
0.0646083 72 1010.08
0.0646083 79.2 1102.88
0.0646083 86.4 1179.72
0.0646083 93.6 1237.64
0.0646083 100.8 1274.93
0.0646083 108 1290.93
0.0646083 115.2 1285.69
0.0646083 122.4 1259.85
0.0646083 129.6 1214.82
0.0646083 136.8 1152.97
0.0646083 144 1077.8
0.0646083 151.2 993.627
0.0646083 158.4 905.255
0.0646083 165.6 817.363
0.0646083 172.8 734.026

0.0666127 -180 606.145
0.0666127 -172.8 544.342
0.0666127 -165.6 492.758
0.0666127 -158.4 451.06
0.0666127 -151.2 418.166
0.0666127 -144 392.525
0.0666127 -136.8 372.415
0.0666127 -129.6 356.168
0.0666127 -122.4 342.32
0.0666127 -115.2 329.633
0.0666127 -108 317.038
0.0666127 -100.8 303.562
0.0666127 -93.6 288.334
0.0666127 -86.4 270.691
0.0666127 -79.2 250.346
0.0666127 -72 227.513
0.0666127 -64.8 202.917
0.0666127 -57.6 177.701
0.0666127 -50.4 153.276
0.0666127 -43.2 131.168
0.0666127 -36 112.917
0.0666127 -28.8 100.011
0.0666127 -21.6 93.8756
0.0666127 -14.4 95.871
0.0666127 -7.2 107.301
0.0666127 6.36111e-14 129.398
0.0666127 7.2 163.273
0.0666127 14.4 209.821
0.0666127 21.6 269.572
0.0666127 28.8 342.499
0.0666127 36 427.809
0.0666127 43.2 523.745
0.0666127 50.4 627.465
0.0666127 57.6 735.063
0.0666127 64.8 841.789
0.0666127 72 942.484
0.0666127 79.2 1032.17
0.0666127 86.4 1106.65
0.0666127 93.6 1162.88
0.0666127 100.8 1199.09
0.0666127 108 1214.51
0.0666127 115.2 1209.15
0.0666127 122.4 1183.7
0.0666127 129.6 1139.63
0.0666127 136.8 1079.43
0.0666127 144 1006.57
0.0666127 151.2 925.388
0.0666127 158.4 840.555
0.0666127 165.6 756.623
0.0666127 172.8 677.505

0.0686454 -180 556.751
0.0686454 -172.8 499.173
0.0686454 -165.6 451.654
0.0686454 -158.4 413.796
0.0686454 -151.2 384.473
0.0686454 -144 362.116
0.0686454 -136.8 344.986
0.0686454 -129.6 331.407
0.0686454 -122.4 319.898
0.0686454 -115.2 309.212
0.0686454 -108 298.278
0.0686454 -100.8 286.148
0.0686454 -93.6 271.995
0.0686454 -86.4 255.215
0.0686454 -79.2 235.576
0.0686454 -72 213.322
0.0686454 -64.8 189.186
0.0686454 -57.6 164.292
0.0686454 -50.4 140.015
0.0686454 -43.2 117.831
0.0686454 -36 99.2256
0.0686454 -28.8 85.63
0.0686454 -21.6 78.4113
0.0686454 -14.4 78.8785
0.0686454 -7.2 88.2908
0.0686454 6.36111e-14 107.848
0.0686454 7.2 138.647
0.0686454 14.4 181.588
0.0686454 21.6 237.234
0.0686454 28.8 305.627
0.0686454 36 386.076
0.0686454 43.2 476.965
0.0686454 50.4 575.628
0.0686454 57.6 678.354
0.0686454 64.8 780.598
0.0686454 72 877.378
0.0686454 79.2 963.843
0.0686454 86.4 1035.84
0.0686454 93.6 1090.3
0.0686454 100.8 1125.37
0.0686454 108 1140.19
0.0686454 115.2 1134.76
0.0686454 122.4 1109.79
0.0686454 129.6 1066.82
0.0686454 136.8 1008.38
0.0686454 144 937.987
0.0686454 151.2 859.887
0.0686454 158.4 778.667
0.0686454 165.6 698.728
0.0686454 172.8 623.826

0.0707064 -180 510.141
0.0707064 -172.8 456.699
0.0707064 -165.6 413.132
0.0707064 -158.4 378.981
0.0707064 -151.2 353.087
0.0707064 -144 333.864
0.0707064 -136.8 319.57
0.0707064 -129.6 308.52
0.0707064 -122.4 299.228
0.0707064 -115.2 290.439
0.0707064 -108 281.089
0.0707064 -100.8 270.251
0.0707064 -93.6 257.145
0.0707064 -86.4 241.221
0.0707064 -79.2 222.295
0.0707064 -72 200.643
0.0707064 -64.8 177.001
0.0707064 -57.6 152.474
0.0707064 -50.4 128.396
0.0707064 -43.2 106.199
0.0707064 -36 87.3079
0.0707064 -28.8 73.0982
0.0707064 -21.6 64.8793
0.0707064 -14.4 63.907
0.0707064 -7.2 71.3955
0.0707064 6.36111e-14 88.5112
0.0707064 7.2 116.332
0.0707064 14.4 155.762
0.0707064 21.6 207.394
0.0707064 28.8 271.331
0.0707064 36 346.981
0.0707064 43.2 432.862
0.0707064 50.4 526.479
0.0707064 57.6 624.319
0.0707064 64.8 722.035
0.0707064 72 814.83
0.0707064 79.2 897.984
0.0707064 86.4 967.405
0.0707064 93.6 1020.02
0.0707064 100.8 1053.89
0.0707064 108 1068.12
0.0707064 115.2 1062.66
0.0707064 122.4 1038.25
0.0707064 129.6 996.486
0.0707064 136.8 939.937
0.0707064 144 872.102
0.0707064 151.2 797.175
0.0707064 158.4 719.623
0.0707064 165.6 643.694
0.0707064 172.8 572.987

0.0727955 -180 466.292
0.0727955 -172.8 416.889
0.0727955 -165.6 377.154
0.0727955 -158.4 346.572
0.0727955 -151.2 323.959
0.0727955 -144 307.722
0.0727955 -136.8 296.115
0.0727955 -129.6 287.458
0.0727955 -122.4 280.261
0.0727955 -115.2 273.268
0.0727955 -108 265.423
0.0727955 -100.8 255.826
0.0727955 -93.6 243.738
0.0727955 -86.4 228.66
0.0727955 -79.2 210.455
0.0727955 -72 189.425
0.0727955 -64.8 166.308
0.0727955 -57.6 142.188
0.0727955 -50.4 118.361
0.0727955 -43.2 96.2072
0.0727955 -36 77.0971
0.0727955 -28.8 62.3464
0.0727955 -21.6 53.2074
0.0727955 -14.4 50.883
0.0727955 -7.2 56.5415
0.0727955 6.36111e-14 71.3142
0.0727955 7.2 96.2591
0.0727955 14.4 132.28
0.0727955 21.6 179.996
0.0727955 28.8 239.566
0.0727955 36 310.49
0.0727955 43.2 391.418
0.0727955 50.4 480.02
0.0727955 57.6 572.975
0.0727955 64.8 666.137
0.0727955 72 754.895
0.0727955 79.2 834.668
0.0727955 86.4 901.437
0.0727955 93.6 952.127
0.0727955 100.8 984.763
0.0727955 108 998.392
0.0727955 115.2 992.943
0.0727955 122.4 969.173
0.0727955 129.6 928.715
0.0727955 136.8 874.157
0.0727955 144 808.975
0.0727955 151.2 737.29
0.0727955 158.4 663.441
0.0727955 165.6 591.526
0.0727955 172.8 524.979

0.0749126 -180 425.173
0.0749126 -172.8 379.704
0.0749126 -165.6 343.674
0.0749126 -158.4 316.521
0.0749126 -151.2 297.04
0.0749126 -144 283.637
0.0749126 -136.8 274.572
0.0749126 -129.6 268.171
0.0749126 -122.4 262.949
0.0749126 -115.2 257.652
0.0749126 -108 251.237
0.0749126 -100.8 242.827
0.0749126 -93.6 231.727
0.0749126 -86.4 217.485
0.0749126 -79.2 200.007
0.0749126 -72 179.617
0.0749126 -64.8 157.055
0.0749126 -57.6 133.38
0.0749126 -50.4 109.85
0.0749126 -43.2 87.7939
0.0749126 -36 68.5264
0.0749126 -28.8 53.3043
0.0749126 -21.6 43.3228
0.0749126 -14.4 39.7318
0.0749126 -7.2 43.6533
0.0749126 6.36111e-14 56.1828
0.0749126 7.2 78.3563
0.0749126 14.4 111.075
0.0749126 21.6 154.979
0.0749126 28.8 210.28
0.0749126 36 276.565
0.0749126 43.2 352.608
0.0749126 50.4 436.24
0.0749126 57.6 524.33
0.0749126 64.8 612.931
0.0749126 72 697.618
0.0749126 79.2 773.956
0.0749126 86.4 838.011
0.0749126 93.6 886.725
0.0749126 100.8 918.092
0.0749126 108 931.12
0.0749126 115.2 925.718
0.0749126 122.4 902.653
0.0749126 129.6 863.584
0.0749126 136.8 811.101
0.0749126 144 748.649
0.0749126 151.2 680.256
0.0749126 158.4 610.132
0.0749126 165.6 542.215
0.0749126 172.8 479.78

0.0770576 -180 386.747
0.0770576 -172.8 345.099
0.0770576 -165.6 312.642
0.0770576 -158.4 288.774
0.0770576 -151.2 272.276
0.0770576 -144 261.557
0.0770576 -136.8 254.89
0.0770576 -129.6 250.611
0.0770576 -122.4 247.244
0.0770576 -115.2 243.545
0.0770576 -108 238.483
0.0770576 -100.8 231.209
0.0770576 -93.6 221.066
0.0770576 -86.4 207.65
0.0770576 -79.2 190.903
0.0770576 -72 171.17
0.0770576 -64.8 149.188
0.0770576 -57.6 125.993
0.0770576 -50.4 102.803
0.0770576 -43.2 80.8959
0.0770576 -36 61.5291
0.0770576 -28.8 45.9018
0.0770576 -21.6 35.1523
0.0770576 -14.4 30.3779
0.0770576 -7.2 32.6544
0.0770576 6.36111e-14 43.0406
0.0770576 7.2 62.5493
0.0770576 14.4 92.0758
0.0770576 21.6 132.279
0.0770576 28.8 183.417
0.0770576 36 245.158
0.0770576 43.2 316.398
0.0770576 50.4 395.122
0.0770576 57.6 478.382
0.0770576 64.8 562.431
0.0770576 72 643.03
0.0770576 79.2 715.898
0.0770576 86.4 777.19
0.0770576 93.6 823.884
0.0770576 100.8 853.956
0.0770576 108 866.385
0.0770576 115.2 861.063
0.0770576 122.4 838.762
0.0770576 129.6 801.152
0.0770576 136.8 750.818
0.0770576 144 691.153
0.0770576 151.2 626.087
0.0770576 158.4 559.692
0.0770576 165.6 495.745
0.0770576 172.8 437.362

0.0792303 -180 350.969
0.0792303 -172.8 313.021
0.0792303 -165.6 284.003
0.0792303 -158.4 263.275
0.0792303 -151.2 249.61
0.0792303 -144 241.426
0.0792303 -136.8 237.014
0.0792303 -129.6 234.725
0.0792303 -122.4 233.098
0.0792303 -115.2 230.901
0.0792303 -108 227.117
0.0792303 -100.8 220.928
0.0792303 -93.6 211.713
0.0792303 -86.4 199.11
0.0792303 -79.2 183.096
0.0792303 -72 164.034
0.0792303 -64.8 142.655
0.0792303 -57.6 119.973
0.0792303 -50.4 97.1622
0.0792303 -43.2 75.4503
0.0792303 -36 56.0387
0.0792303 -28.8 40.0686
0.0792303 -21.6 28.6226
0.0792303 -14.4 22.7456
0.0792303 -7.2 23.4675
0.0792303 6.36111e-14 31.8102
0.0792303 7.2 48.7616
0.0792303 14.4 75.2093
0.0792303 21.6 111.826
0.0792303 28.8 158.915
0.0792303 36 216.219
0.0792303 43.2 282.748
0.0792303 50.4 356.637
0.0792303 57.6 435.119
0.0792303 64.8 514.641
0.0792303 72 591.153
0.0792303 79.2 660.528
0.0792303 86.4 719.026
0.0792303 93.6 763.667
0.0792303 100.8 792.425
0.0792303 108 804.258
0.0792303 115.2 799.045
0.0792303 122.4 777.558
0.0792303 129.6 741.468
0.0792303 136.8 693.34
0.0792303 144 636.504
0.0792303 151.2 574.784
0.0792303 158.4 512.108
0.0792303 165.6 452.09
0.0792303 172.8 397.688

0.0814306 -180 317.785
0.0814306 -172.8 283.416
0.0814306 -165.6 257.699
0.0814306 -158.4 239.965
0.0814306 -151.2 228.985
0.0814306 -144 223.189
0.0814306 -136.8 220.891
0.0814306 -129.6 220.464
0.0814306 -122.4 220.464
0.0814306 -115.2 219.673
0.0814306 -108 217.096
0.0814306 -100.8 211.941
0.0814306 -93.6 203.623
0.0814306 -86.4 191.819
0.0814306 -79.2 176.539
0.0814306 -72 158.16
0.0814306 -64.8 137.407
0.0814306 -57.6 115.265
0.0814306 -50.4 92.8689
0.0814306 -43.2 71.3951
0.0814306 -36 51.989
0.0814306 -28.8 35.7351
0.0814306 -21.6 23.6606
0.0814306 -14.4 16.759
0.0814306 -7.2 16.0151
0.0814306 6.36111e-14 22.4131
0.0814306 7.2 36.9155
0.0814306 14.4 60.4
0.0814306 21.6 93.5508
0.0814306 28.8 136.708
0.0814306 36 189.689
0.0814306 43.2 251.61
0.0814306 50.4 320.75
0.0814306 57.6 394.519
0.0814306 64.8 469.554
0.0814306 72 541.994
0.0814306 79.2 607.872
0.0814306 86.4 663.556
0.0814306 93.6 706.121
0.0814306 100.8 733.553
0.0814306 108 744.795
0.0814306 115.2 739.718
0.0814306 122.4 719.087
0.0814306 129.6 684.566
0.0814306 136.8 638.687
0.0814306 144 584.709
0.0814306 151.2 526.339
0.0814306 158.4 467.357
0.0814306 165.6 411.216
0.0814306 172.8 360.715

0.0836583 -180 287.141
0.0836583 -172.8 256.223
0.0836583 -165.6 233.668
0.0836583 -158.4 218.783
0.0836583 -151.2 210.339
0.0836583 -144 206.787
0.0836583 -136.8 206.466
0.0836583 -129.6 207.776
0.0836583 -122.4 209.292
0.0836583 -115.2 209.816
0.0836583 -108 208.375
0.0836583 -100.8 204.203
0.0836583 -93.6 196.752
0.0836583 -86.4 185.735
0.0836583 -79.2 171.188
0.0836583 -72 153.501
0.0836583 -64.8 133.39
0.0836583 -57.6 111.814
0.0836583 -50.4 89.8653
0.0836583 -43.2 68.6686
0.0836583 -36 49.3146
0.0836583 -28.8 32.8319
0.0836583 -21.6 20.1936
0.0836583 -14.4 12.3429
0.0836583 -7.2 10.2197
0.0836583 6.36111e-14 14.7709
0.0836583 7.2 26.9325
0.0836583 14.4 47.5705
0.0836583 21.6 77.3776
0.0836583 28.8 116.729
0.0836583 36 165.507
0.0836583 43.2 222.931
0.0836583 50.4 287.42
0.0836583 57.6 356.552
0.0836583 64.8 427.155
0.0836583 72 495.553
0.0836583 79.2 557.941
0.0836583 86.4 610.804
0.0836583 93.6 651.283
0.0836583 100.8 677.382
0.0836583 108 688.041
0.0836583 115.2 683.122
0.0836583 122.4 663.382
0.0836583 129.6 630.468
0.0836583 136.8 586.869
0.0836583 144 535.762
0.0836583 151.2 480.733
0.0836583 158.4 425.409
0.0836583 165.6 373.081
0.0836583 172.8 326.391

0.0859133 -180 258.974
0.0859133 -172.8 231.376
0.0859133 -165.6 211.844
0.0859133 -158.4 199.663
0.0859133 -151.2 193.611
0.0859133 -144 192.162
0.0859133 -136.8 193.685
0.0859133 -129.6 196.609
0.0859133 -122.4 199.534
0.0859133 -115.2 201.285
0.0859133 -108 200.911
0.0859133 -100.8 197.674
0.0859133 -93.6 191.059
0.0859133 -86.4 180.813
0.0859133 -79.2 166.997
0.0859133 -72 150.01
0.0859133 -64.8 130.557
0.0859133 -57.6 109.568
0.0859133 -50.4 88.0945
0.0859133 -43.2 67.21
0.0859133 -36 47.9508
0.0859133 -28.8 31.2906
0.0859133 -21.6 18.1498
0.0859133 -14.4 9.42237
0.0859133 -7.2 6.00402
0.0859133 6.36111e-14 8.80485
0.0859133 7.2 18.7335
0.0859133 14.4 36.6427
0.0859133 21.6 63.2309
0.0859133 28.8 98.9033
0.0859133 36 143.605
0.0859133 43.2 196.652
0.0859133 50.4 256.597
0.0859133 57.6 321.182
0.0859133 64.8 387.419
0.0859133 72 451.818
0.0859133 79.2 510.737
0.0859133 86.4 560.785
0.0859133 93.6 599.174
0.0859133 100.8 623.94
0.0859133 108 634.025
0.0859133 115.2 629.284
0.0859133 122.4 610.463
0.0859133 129.6 579.184
0.0859133 136.8 537.883
0.0859133 144 489.649
0.0859133 151.2 437.938
0.0859133 158.4 386.224
0.0859133 165.6 337.635
0.0859133 172.8 294.66

0.0881954 -180 233.218
0.0881954 -172.8 208.809
0.0881954 -165.6 192.16
0.0881954 -158.4 182.54
0.0881954 -151.2 178.738
0.0881954 -144 179.254
0.0881954 -136.8 182.491
0.0881954 -129.6 186.911
0.0881954 -122.4 191.143
0.0881954 -115.2 194.036
0.0881954 -108 194.662
0.0881954 -100.8 192.312
0.0881954 -93.6 186.502
0.0881954 -86.4 177.012
0.0881954 -79.2 163.922
0.0881954 -72 147.64
0.0881954 -64.8 128.857
0.0881954 -57.6 108.474
0.0881954 -50.4 87.5004
0.0881954 -43.2 66.9593
0.0881954 -36 47.8337
0.0881954 -28.8 31.0437
0.0881954 -21.6 17.4582
0.0881954 -14.4 7.92341
0.0881954 -7.2 3.29175
0.0881954 6.36111e-14 4.43671
0.0881954 7.2 12.2394
0.0881954 14.4 27.5376
0.0881954 21.6 51.0331
0.0881954 28.8 83.1585
0.0881954 36 123.916
0.0881954 43.2 172.712
0.0881954 50.4 228.227
0.0881954 57.6 288.364
0.0881954 64.8 350.313
0.0881954 72 410.767
0.0881954 79.2 466.251
0.0881954 86.4 513.5
0.0881954 93.6 549.806
0.0881954 100.8 573.244
0.0881954 108 582.765
0.0881954 115.2 578.219
0.0881954 122.4 560.338
0.0881954 129.6 530.712
0.0881954 136.8 491.717
0.0881954 144 446.344
0.0881954 151.2 397.918
0.0881954 158.4 349.756
0.0881954 165.6 304.823
0.0881954 172.8 265.46

0.0905045 -180 209.804
0.0905045 -172.8 188.45
0.0905045 -165.6 174.545
0.0905045 -158.4 167.346
0.0905045 -151.2 165.655
0.0905045 -144 168.003
0.0905045 -136.8 172.83
0.0905045 -129.6 178.632
0.0905045 -122.4 184.072
0.0905045 -115.2 188.023
0.0905045 -108 189.584
0.0905045 -100.8 188.075
0.0905045 -93.6 183.041
0.0905045 -86.4 174.288
0.0905045 -79.2 161.92
0.0905045 -72 146.345
0.0905045 -64.8 128.242
0.0905045 -57.6 108.481
0.0905045 -50.4 88.0277
0.0905045 -43.2 67.8577
0.0905045 -36 48.9007
0.0905045 -28.8 32.0249
0.0905045 -21.6 18.0492
0.0905045 -14.4 7.7732
0.0905045 -7.2 2.00731
0.0905045 6.36111e-14 1.58888
0.0905045 7.2 7.37112
0.0905045 14.4 20.176
0.0905045 21.6 40.7061
0.0905045 28.8 69.4177
0.0905045 36 106.366
0.0905045 43.2 151.043
0.0905045 50.4 202.251
0.0905045 57.6 258.047
0.0905045 64.8 315.796
0.0905045 72 372.372
0.0905045 79.2 424.464
0.0905045 86.4 468.94
0.0905045 93.6 503.179
0.0905045 100.8 525.298
0.0905045 108 534.267
0.0905045 115.2 529.931
0.0905045 122.4 513.004
0.0905045 129.6 485.04
0.0905045 136.8 448.348
0.0905045 144 405.815
0.0905045 151.2 360.629
0.0905045 158.4 315.951
0.0905045 165.6 274.585
0.0905045 172.8 238.726

0.0928404 -180 188.66
0.0928404 -172.8 170.228
0.0928404 -165.6 158.929
0.0928404 -158.4 154.012
0.0928404 -151.2 154.297
0.0928404 -144 158.348
0.0928404 -136.8 164.644
0.0928404 -129.6 171.72
0.0928404 -122.4 178.272
0.0928404 -115.2 183.202
0.0928404 -108 185.637
0.0928404 -100.8 184.922
0.0928404 -93.6 180.633
0.0928404 -86.4 172.603
0.0928404 -79.2 160.948
0.0928404 -72 146.081
0.0928404 -64.8 128.664
0.0928404 -57.6 109.536
0.0928404 -50.4 89.6221
0.0928404 -43.2 69.8471
0.0928404 -36 51.0903
0.0928404 -28.8 34.1691
0.0928404 -21.6 19.8543
0.0928404 -14.4 8.90015
0.0928404 -7.2 2.07637
0.0928404 6.36111e-14 0.184732
0.0928404 7.2 4.05051
0.0928404 14.4 14.4787
0.0928404 21.6 32.1709
0.0928404 28.8 57.6038
0.0928404 36 90.8804
0.0928404 43.2 131.575
0.0928404 50.4 178.606
0.0928404 57.6 230.175
0.0928404 64.8 283.821
0.0928404 72 336.595
0.0928404 79.2 385.35
0.0928404 86.4 427.088
0.0928404 93.6 459.28
0.0928404 100.8 480.097
0.0928404 108 488.526
0.0928404 115.2 484.411
0.0928404 122.4 468.448
0.0928404 129.6 442.147
0.0928404 136.8 407.745
0.0928404 144 368.019
0.0928404 151.2 326.02
0.0928404 158.4 284.75
0.0928404 165.6 246.855
0.0928404 172.8 214.386

0.0952031 -180 169.711
0.0952031 -172.8 154.067
0.0952031 -165.6 145.238
0.0952031 -158.4 142.469
0.0952031 -151.2 144.6
0.0952031 -144 150.229
0.0952031 -136.8 157.878
0.0952031 -129.6 166.124
0.0952031 -122.4 173.697
0.0952031 -115.2 179.53
0.0952031 -108 182.778
0.0952031 -100.8 182.814
0.0952031 -93.6 179.241
0.0952031 -86.4 171.913
0.0952031 -79.2 160.964
0.0952031 -72 146.803
0.0952031 -64.8 130.076
0.0952031 -57.6 111.591
0.0952031 -50.4 92.2303
0.0952031 -43.2 72.8709
0.0952031 -36 54.3423
0.0952031 -28.8 37.4128
0.0952031 -21.6 22.8064
0.0952031 -14.4 11.2342
0.0952031 -7.2 3.42594
0.0952031 6.36111e-14 0.148809
0.0952031 7.2 2.20012
0.0952031 14.4 10.3671
0.0952031 21.6 25.3484
0.0952031 28.8 47.6383
0.0952031 36 77.3842
0.0952031 43.2 114.236
0.0952031 50.4 157.222
0.0952031 57.6 204.688
0.0952031 64.8 254.336
0.0952031 72 303.392
0.0952031 79.2 348.873
0.0952031 86.4 387.916
0.0952031 93.6 418.09
0.0952031 100.8 437.622
0.0952031 108 445.525
0.0952031 115.2 441.642
0.0952031 122.4 426.646
0.0952031 129.6 402.003
0.0952031 136.8 369.869
0.0952031 144 332.909
0.0952031 151.2 294.035
0.0952031 158.4 256.09
0.0952031 165.6 221.564
0.0952031 172.8 192.369

0.0975922 -180 152.879
0.0975922 -172.8 139.891
0.0975922 -165.6 133.399
0.0975922 -158.4 132.647
0.0975922 -151.2 136.497
0.0975922 -144 143.585
0.0975922 -136.8 152.477
0.0975922 -129.6 161.793
0.0975922 -122.4 170.3
0.0975922 -115.2 176.964
0.0975922 -108 180.967
0.0975922 -100.8 181.711
0.0975922 -93.6 178.823
0.0975922 -86.4 172.181
0.0975922 -79.2 161.927
0.0975922 -72 148.468
0.0975922 -64.8 132.433
0.0975922 -57.6 114.597
0.0975922 -50.4 95.8003
0.0975922 -43.2 76.8737
0.0975922 -36 58.5979
0.0975922 -28.8 41.6938
0.0975922 -21.6 26.8403
0.0975922 -14.4 14.7068
0.0975922 -7.2 5.98464
0.0975922 6.36111e-14 1.40707
0.0975922 7.2 1.74368
0.0975922 14.4 7.76331
0.0975922 21.6 20.1599
0.0975922 28.8 39.4427
0.0975922 36 65.7994
0.0975922 43.2 98.9513
0.0975922 50.4 138.031
0.0975922 57.6 181.52
0.0975922 64.8 227.282
0.0975922 72 272.712
0.0975922 79.2 314.989
0.0975922 86.4 351.389
0.0975922 93.6 379.579
0.0975922 100.8 397.85
0.0975922 108 405.241
0.0975922 115.2 401.597
0.0975922 122.4 387.568
0.0975922 129.6 364.568
0.0975922 136.8 334.672
0.0975922 144 300.431
0.0975922 151.2 264.61
0.0975922 158.4 229.9
0.0975922 165.6 198.637
0.0975922 172.8 172.597

0.100008 -180 138.087
0.100008 -172.8 127.624
0.100008 -165.6 123.338
0.100008 -158.4 124.476
0.100008 -151.2 129.922
0.100008 -144 138.355
0.100008 -136.8 148.385
0.100008 -129.6 158.676
0.100008 -122.4 168.034
0.100008 -115.2 175.46
0.100008 -108 180.164
0.100008 -100.8 181.574
0.100008 -93.6 179.342
0.100008 -86.4 173.365
0.100008 -79.2 163.794
0.100008 -72 151.033
0.100008 -64.8 135.688
0.100008 -57.6 118.505
0.100008 -50.4 100.281
0.100008 -43.2 81.8014
0.100008 -36 63.7999
0.100008 -28.8 46.9516
0.100008 -21.6 31.8923
0.100008 -14.4 19.2512
0.100008 -7.2 9.68276
0.100008 6.36111e-14 3.88706
0.100008 7.2 2.60629
0.100008 14.4 6.59036
0.100008 21.6 16.5271
0.100008 28.8 32.9382
0.100008 36 56.0479
0.100008 43.2 85.644
0.100008 50.4 120.958
0.100008 57.6 160.603
0.100008 64.8 202.596
0.100008 72 244.498
0.100008 79.2 283.65
0.100008 86.4 317.463
0.100008 93.6 343.71
0.100008 100.8 360.745
0.100008 108 367.639
0.100008 115.2 364.239
0.100008 122.4 351.172
0.100008 129.6 329.796
0.100008 136.8 302.102
0.100008 144 270.522
0.100008 151.2 237.68
0.100008 158.4 206.111
0.100008 165.6 178
0.100008 172.8 154.993

0.102449 -180 125.256
0.102449 -172.8 117.187
0.102449 -165.6 114.981
0.102449 -158.4 117.885
0.102449 -151.2 124.812
0.102449 -144 134.48
0.102449 -136.8 145.547
0.102449 -129.6 156.723
0.102449 -122.4 166.855
0.102449 -115.2 174.976
0.102449 -108 180.328
0.102449 -100.8 182.364
0.102449 -93.6 180.759
0.102449 -86.4 175.428
0.102449 -79.2 166.528
0.102449 -72 154.455
0.102449 -64.8 139.799
0.102449 -57.6 123.269
0.102449 -50.4 105.623
0.102449 -43.2 87.6014
0.102449 -36 69.8925
0.102449 -28.8 53.1274
0.102449 -21.6 37.9007
0.102449 -14.4 24.8027
0.102449 -7.2 14.4525
0.102449 6.36111e-14 7.5181
0.102449 7.2 4.71462
0.102449 14.4 6.77265
0.102449 21.6 14.3727
0.102449 28.8 28.0463
0.102449 36 48.0512
0.102449 43.2 74.237
0.102449 50.4 105.929
0.102449 57.6 141.865
0.102449 64.8 180.21
0.102449 72 218.689
0.102449 79.2 254.799
0.102449 86.4 286.089
0.102449 93.6 310.437
0.102449 100.8 326.265
0.102449 108 332.678
0.102449 115.2 329.527
0.102449 122.4 317.411
0.102449 129.6 297.635
0.102449 136.8 272.1
0.102449 144 243.118
0.102449 151.2 213.172
0.102449 158.4 184.645
0.102449 165.6 159.574
0.102449 172.8 139.477

0.104917 -180 114.305
0.104917 -172.8 108.504
0.104917 -165.6 108.254
0.104917 -158.4 112.805
0.104917 -151.2 121.1
0.104917 -144 131.9
0.104917 -136.8 143.909
0.104917 -129.6 155.885
0.104917 -122.4 166.715
0.104917 -115.2 175.47
0.104917 -108 181.419
0.104917 -100.8 184.042
0.104917 -93.6 183.037
0.104917 -86.4 178.33
0.104917 -79.2 170.087
0.104917 -72 158.695
0.104917 -64.8 144.72
0.104917 -57.6 128.842
0.104917 -50.4 111.777
0.104917 -43.2 94.2222
0.104917 -36 76.8216
0.104917 -28.8 60.1644
0.104917 -21.6 44.8054
0.104917 -14.4 31.2983
0.104917 -7.2 20.2279
0.104917 6.36111e-14 12.2314
0.104917 7.2 7.99706
0.104917 14.4 8.23604
0.104917 21.6 13.6204
0.104917 28.8 24.6894
0.104917 36 41.7308
0.104917 43.2 64.6519
0.104917 50.4 92.8668
0.104917 57.6 125.231
0.104917 64.8 160.056
0.104917 72 195.22
0.104917 79.2 228.376
0.104917 86.4 257.211
0.104917 93.6 279.708
0.104917 100.8 294.361
0.104917 108 300.309
0.104917 115.2 297.408
0.104917 122.4 286.231
0.104917 129.6 268.025
0.104917 136.8 244.6
0.104917 144 218.15
0.104917 151.2 191.013
0.104917 158.4 165.424
0.104917 165.6 143.278
0.104917 172.8 125.969

0.107411 -180 105.154
0.107411 -172.8 101.498
0.107411 -165.6 103.082
0.107411 -158.4 109.167
0.107411 -151.2 118.723
0.107411 -144 130.555
0.107411 -136.8 143.417
0.107411 -129.6 156.112
0.107411 -122.4 167.572
0.107411 -115.2 176.901
0.107411 -108 183.399
0.107411 -100.8 186.572
0.107411 -93.6 186.137
0.107411 -86.4 182.035
0.107411 -79.2 174.433
0.107411 -72 163.71
0.107411 -64.8 150.411
0.107411 -57.6 135.18
0.107411 -50.4 118.697
0.107411 -43.2 101.614
0.107411 -36 84.5349
0.107411 -28.8 68.0072
0.107411 -21.6 52.5485
0.107411 -14.4 38.6771
0.107411 -7.2 26.9453
0.107411 6.36111e-14 17.9601
0.107411 7.2 12.3839
0.107411 14.4 10.908
0.107411 21.6 14.1951
0.107411 28.8 22.7904
0.107411 36 37.0085
0.107411 43.2 56.8103
0.107411 50.4 81.6932
0.107411 57.6 110.626
0.107411 64.8 142.058
0.107411 72 174.02
0.107411 79.2 204.317
0.107411 86.4 230.769
0.107411 93.6 251.467
0.107411 100.8 264.977
0.107411 108 270.478
0.107411 115.2 267.828
0.107411 122.4 257.574
0.107411 129.6 240.904
0.107411 136.8 219.536
0.107411 144 195.543
0.107411 151.2 171.126
0.107411 158.4 148.37
0.107411 165.6 129.032
0.107411 172.8 114.386

0.10993 -180 97.7235
0.10993 -172.8 96.0899
0.10993 -165.6 99.3928
0.10993 -158.4 106.901
0.10993 -151.2 117.617
0.10993 -144 130.388
0.10993 -136.8 144.017
0.10993 -129.6 157.356
0.10993 -122.4 169.379
0.10993 -115.2 179.227
0.10993 -108 186.229
0.10993 -100.8 189.916
0.10993 -93.6 190.024
0.10993 -86.4 186.505
0.10993 -79.2 179.529
0.10993 -72 169.463
0.10993 -64.8 156.829
0.10993 -57.6 142.24
0.10993 -50.4 126.336
0.10993 -43.2 109.729
0.10993 -36 92.9815
0.10993 -28.8 76.6027
0.10993 -21.6 61.074
0.10993 -14.4 46.8804
0.10993 -7.2 34.5429
0.10993 6.36111e-14 24.6395
0.10993 7.2 17.8074
0.10993 14.4 14.7179
0.10993 21.6 16.0236
0.10993 28.8 22.2737
0.10993 36 33.8069
0.10993 43.2 50.6338
0.10993 50.4 72.3302
0.10993 57.6 97.9727
0.10993 64.8 126.143
0.10993 72 155.018
0.10993 79.2 182.551
0.10993 86.4 206.696
0.10993 93.6 225.65
0.10993 100.8 238.053
0.10993 108 243.123
0.10993 115.2 240.723
0.10993 122.4 231.373
0.10993 129.6 216.201
0.10993 136.8 196.833
0.10993 144 175.222
0.10993 151.2 153.43
0.10993 158.4 133.399
0.10993 165.6 116.752
0.10993 172.8 104.648

0.112475 -180 91.9338
0.112475 -172.8 92.2049
0.112475 -165.6 97.1143
0.112475 -158.4 105.942
0.112475 -151.2 117.72
0.112475 -144 131.342
0.112475 -136.8 145.658
0.112475 -129.6 159.57
0.112475 -122.4 172.094
0.112475 -115.2 182.408
0.112475 -108 189.871
0.112475 -100.8 194.037
0.112475 -93.6 194.66
0.112475 -86.4 191.704
0.112475 -79.2 185.336
0.112475 -72 175.913
0.112475 -64.8 163.933
0.112475 -57.6 149.979
0.112475 -50.4 134.65
0.112475 -43.2 118.52
0.112475 -36 102.112
0.112475 -28.8 85.8993
0.112475 -21.6 70.3279
0.112475 -14.4 55.8515
0.112475 -7.2 42.9611
0.112475 6.36111e-14 32.2072
0.112475 7.2 24.2019
0.112475 14.4 19.5971
0.112475 21.6 19.0341
0.112475 28.8 23.0648
0.112475 36 32.0495
0.112475 43.2 46.0443
0.112475 50.4 64.6989
0.112475 57.6 87.1922
0.112475 64.8 112.232
0.112475 72 138.139
0.112475 79.2 163.007
0.112475 86.4 184.923
0.112475 93.6 202.191
0.112475 100.8 213.523
0.112475 108 218.179
0.112475 115.2 216.028
0.112475 122.4 207.561
0.112475 129.6 193.846
0.112475 136.8 176.417
0.112475 144 157.108
0.112475 151.2 137.845
0.112475 158.4 120.431
0.112475 165.6 106.356
0.112475 172.8 96.6722

0.115046 -180 87.7063
0.115046 -172.8 89.7674
0.115046 -165.6 96.1752
0.115046 -158.4 106.221
0.115046 -151.2 118.971
0.115046 -144 133.359
0.115046 -136.8 148.288
0.115046 -129.6 162.706
0.115046 -122.4 175.674
0.115046 -115.2 186.405
0.115046 -108 194.287
0.115046 -100.8 198.899
0.115046 -93.6 200.011
0.115046 -86.4 197.595
0.115046 -79.2 191.818
0.115046 -72 183.023
0.115046 -64.8 171.686
0.115046 -57.6 158.355
0.115046 -50.4 143.596
0.115046 -43.2 127.943
0.115046 -36 111.881
0.115046 -28.8 95.8476
0.115046 -21.6 80.2584
0.115046 -14.4 65.5359
0.115046 -7.2 52.1428
0.115046 6.36111e-14 40.6028
0.115046 7.2 31.504
0.115046 14.4 25.4787
0.115046 21.6 23.1568
0.115046 28.8 25.0911
0.115046 36 31.6609
0.115046 43.2 42.9645
0.115046 50.4 58.721
0.115046 57.6 78.206
0.115046 64.8 100.248
0.115046 72 123.305
0.115046 79.2 145.61
0.115046 86.4 165.378
0.115046 93.6 181.018
0.115046 100.8 191.319
0.115046 108 195.578
0.115046 115.2 193.672
0.115046 122.4 186.065
0.115046 129.6 173.763
0.115046 136.8 158.209
0.115046 144 141.12
0.115046 151.2 124.288
0.115046 158.4 109.381
0.115046 165.6 97.7614
0.115046 172.8 90.3773

0.117641 -180 84.9632
0.117641 -172.8 88.7033
0.117641 -165.6 96.5056
0.117641 -158.4 107.675
0.117641 -151.2 121.308
0.117641 -144 136.385
0.117641 -136.8 151.856
0.117641 -129.6 166.719
0.117641 -122.4 180.076
0.117641 -115.2 191.177
0.117641 -108 199.441
0.117641 -100.8 204.467
0.117641 -93.6 206.041
0.117641 -86.4 204.144
0.117641 -79.2 198.939
0.117641 -72 190.756
0.117641 -64.8 180.047
0.117641 -57.6 167.33
0.117641 -50.4 153.132
0.117641 -43.2 137.953
0.117641 -36 122.24
0.117641 -28.8 106.4
0.117641 -21.6 90.8155
0.117641 -14.4 75.8812
0.117641 -7.2 62.0327
0.117641 6.36111e-14 49.7683
0.117641 7.2 39.6524
0.117641 14.4 32.2983
0.117641 21.6 28.3238
0.117641 28.8 28.2814
0.117641 36 32.5671
0.117641 43.2 41.3182
0.117641 50.4 54.3183
0.117641 57.6 70.9349
0.117641 64.8 90.1125
0.117641 72 110.439
0.117641 79.2 130.283
0.117641 86.4 147.985
0.117641 93.6 162.059
0.117641 100.8 171.366
0.117641 108 175.245
0.117641 115.2 173.581
0.117641 122.4 166.809
0.117641 129.6 155.875
0.117641 136.8 142.13
0.117641 144 127.177
0.117641 151.2 112.677
0.117641 158.4 100.166
0.117641 165.6 90.8858
0.117641 172.8 85.6831

0.120262 -180 83.6279
0.120262 -172.8 88.9398
0.120262 -165.6 98.0372
0.120262 -158.4 110.239
0.120262 -151.2 124.674
0.120262 -144 140.366
0.120262 -136.8 156.314
0.120262 -129.6 171.563
0.120262 -122.4 185.258
0.120262 -115.2 196.687
0.120262 -108 205.295
0.120262 -100.8 210.704
0.120262 -93.6 212.716
0.120262 -86.4 211.316
0.120262 -79.2 206.664
0.120262 -72 199.076
0.120262 -64.8 188.98
0.120262 -57.6 176.863
0.120262 -50.4 163.218
0.120262 -43.2 148.508
0.120262 -36 133.148
0.120262 -28.8 117.511
0.120262 -21.6 101.952
0.120262 -14.4 86.8373
0.120262 -7.2 72.5782
0.120262 6.36111e-14 59.6478
0.120262 7.2 48.5883
0.120262 14.4 39.9937
0.120262 21.6 34.4694
0.120262 28.8 32.5666
0.120262 36 34.6959
0.120262 43.2 41.0301
0.120262 50.4 51.4136
0.120262 57.6 65.3004
0.120262 64.8 81.7449
0.120262 72 99.4607
0.120262 79.2 116.947
0.120262 86.4 132.667
0.120262 93.6 145.236
0.120262 100.8 153.589
0.120262 108 157.107
0.120262 115.2 155.679
0.120262 122.4 149.715
0.120262 129.6 140.102
0.120262 136.8 128.099
0.120262 144 115.195
0.120262 151.2 102.928
0.120262 158.4 92.7035
0.120262 165.6 85.6473
0.120262 172.8 82.5098

0.122907 -180 83.6255
0.122907 -172.8 90.4057
0.122907 -165.6 100.703
0.122907 -158.4 113.851
0.122907 -151.2 129.01
0.122907 -144 145.248
0.122907 -136.8 161.612
0.122907 -129.6 177.193
0.122907 -122.4 191.181
0.122907 -115.2 202.896
0.122907 -108 211.814
0.122907 -100.8 217.577
0.122907 -93.6 220.001
0.122907 -86.4 219.076
0.122907 -79.2 214.958
0.122907 -72 207.948
0.122907 -64.8 198.449
0.122907 -57.6 186.918
0.122907 -50.4 173.815
0.122907 -43.2 159.569
0.122907 -36 144.562
0.122907 -28.8 129.137
0.122907 -21.6 113.621
0.122907 -14.4 98.3561
0.122907 -7.2 83.7285
0.122907 6.36111e-14 70.188
0.122907 7.2 58.2549
0.122907 14.4 48.5046
0.122907 21.6 41.5299
0.122907 28.8 37.8794
0.122907 36 37.9765
0.122907 43.2 42.0266
0.122907 50.4 49.9306
0.122907 57.6 61.2243
0.122907 64.8 75.0665
0.122907 72 90.2912
0.122907 79.2 105.524
0.122907 86.4 119.346
0.122907 93.6 130.471
0.122907 100.8 137.91
0.122907 108 141.083
0.122907 115.2 139.887
0.122907 122.4 134.704
0.122907 129.6 126.362
0.122907 136.8 116.032
0.122907 144 105.093
0.122907 151.2 94.9582
0.122907 158.4 86.911
0.122907 165.6 81.9652
0.122907 172.8 80.7793

0.125578 -180 84.8825
0.125578 -172.8 93.0316
0.125578 -165.6 104.438
0.125578 -158.4 118.45
0.125578 -151.2 134.261
0.125578 -144 150.981
0.125578 -136.8 167.704
0.125578 -129.6 183.568
0.125578 -122.4 197.803
0.125578 -115.2 209.767
0.125578 -108 218.962
0.125578 -100.8 225.052
0.125578 -93.6 227.864
0.125578 -86.4 227.393
0.125578 -79.2 223.788
0.125578 -72 217.337
0.125578 -64.8 208.418
0.125578 -57.6 197.458
0.125578 -50.4 184.886
0.125578 -43.2 171.097
0.125578 -36 156.441
0.125578 -28.8 141.235
0.125578 -21.6 125.779
0.125578 -14.4 110.392
0.125578 -7.2 95.4353
0.125578 6.36111e-14 81.3376
0.125578 7.2 68.598
0.125578 14.4 57.7734
0.125578 21.6 49.444
0.125578 28.8 44.1549
0.125578 36 42.3404
0.125578 43.2 44.2357
0.125578 50.4 49.7944
0.125578 57.6 58.6292
0.125578 64.8 69.9982
0.125578 72 82.8505
0.125578 79.2 95.9325
0.125578 86.4 107.94
0.125578 93.6 117.686
0.125578 100.8 124.251
0.125578 108 127.096
0.125578 115.2 126.125
0.125578 122.4 121.695
0.125578 129.6 114.574
0.125578 136.8 105.847
0.125578 144 96.7857
0.125578 151.2 88.6844
0.125578 158.4 82.7069
0.125578 165.6 79.7598
0.125578 172.8 80.4147

0.128272 -180 87.3272
0.128272 -172.8 96.7499
0.128272 -165.6 109.179
0.128272 -158.4 123.978
0.128272 -151.2 140.372
0.128272 -144 157.513
0.128272 -136.8 174.543
0.128272 -129.6 190.643
0.128272 -122.4 205.087
0.128272 -115.2 217.264
0.128272 -108 226.706
0.128272 -100.8 233.095
0.128272 -93.6 236.272
0.128272 -86.4 236.232
0.128272 -79.2 233.122
0.128272 -72 227.209
0.128272 -64.8 218.852
0.128272 -57.6 208.449
0.128272 -50.4 196.394
0.128272 -43.2 183.054
0.128272 -36 168.748
0.128272 -28.8 153.766
0.128272 -21.6 138.386
0.128272 -14.4 122.901
0.128272 -7.2 107.652
0.128272 6.36111e-14 93.0478
0.128272 7.2 79.5655
0.128272 14.4 67.7447
0.128272 21.6 58.1525
0.128272 28.8 51.3301
0.128272 36 47.7208
0.128272 43.2 47.587
0.128272 50.4 50.9314
0.128272 57.6 57.439
0.128272 64.8 66.4619
0.128272 72 77.0589
0.128272 79.2 88.0928
0.128272 86.4 98.3704
0.128272 93.6 106.799
0.128272 100.8 112.53
0.128272 108 115.064
0.128272 115.2 114.312
0.128272 122.4 110.605
0.128272 129.6 104.654
0.128272 136.8 97.4614
0.128272 144 90.1916
0.128272 151.2 84.0249
0.128272 158.4 80.0107
0.128272 165.6 78.953
0.128272 172.8 81.3408

0.130992 -180 90.89
0.130992 -172.8 101.495
0.130992 -165.6 114.863
0.130992 -158.4 130.377
0.130992 -151.2 147.29
0.130992 -144 164.798
0.130992 -136.8 182.084
0.130992 -129.6 198.379
0.130992 -122.4 212.993
0.130992 -115.2 225.351
0.130992 -108 235.011
0.130992 -100.8 241.675
0.130992 -93.6 245.193
0.130992 -86.4 245.564
0.130992 -79.2 242.926
0.130992 -72 237.534
0.130992 -64.8 229.72
0.130992 -57.6 219.856
0.130992 -50.4 208.306
0.130992 -43.2 195.404
0.130992 -36 181.445
0.130992 -28.8 166.693
0.130992 -21.6 151.4
0.130992 -14.4 135.841
0.130992 -7.2 120.336
0.130992 6.36111e-14 105.272
0.130992 7.2 91.1077
0.130992 14.4 78.3652
0.130992 21.6 67.5986
0.130992 28.8 59.3443
0.130992 36 54.0531
0.130992 43.2 52.0122
0.130992 50.4 53.2697
0.130992 57.6 57.5787
0.130992 64.8 64.3802
0.130992 72 72.8376
0.130992 79.2 81.9248
0.130992 86.4 90.5556
0.130992 93.6 97.7296
0.130992 100.8 102.666
0.130992 108 104.905
0.130992 115.2 104.366
0.130992 122.4 101.353
0.130992 129.6 96.5218
0.130992 136.8 90.7923
0.130992 144 85.2282
0.130992 151.2 80.8986
0.130992 158.4 78.7433
0.130992 165.6 79.4683
0.130992 172.8 83.4842

0.133735 -180 95.503
0.133735 -172.8 107.202
0.133735 -165.6 121.433
0.133735 -158.4 137.591
0.133735 -151.2 154.965
0.133735 -144 172.786
0.133735 -136.8 190.285
0.133735 -129.6 206.734
0.133735 -122.4 221.484
0.133735 -115.2 233.993
0.133735 -108 243.845
0.133735 -100.8 250.758
0.133735 -93.6 254.595
0.133735 -86.4 255.356
0.133735 -79.2 253.171
0.133735 -72 248.278
0.133735 -64.8 240.99
0.133735 -57.6 231.647
0.133735 -50.4 220.586
0.133735 -43.2 208.114
0.133735 -36 194.498
0.133735 -28.8 179.977
0.133735 -21.6 164.784
0.133735 -14.4 149.173
0.133735 -7.2 133.444
0.133735 6.36111e-14 117.965
0.133735 7.2 103.177
0.133735 14.4 89.5842
0.133735 21.6 77.7278
0.133735 28.8 68.139
0.133735 36 61.2748
0.133735 43.2 57.4449
0.133735 50.4 56.7394
0.133735 57.6 58.9751
0.133735 64.8 63.6772
0.133735 72 70.1084
0.133735 79.2 77.3488
0.133735 86.4 84.4153
0.133735 93.6 90.3965
0.133735 100.8 94.5781
0.133735 108 96.5388
0.133735 115.2 96.2042
0.133735 122.4 93.8555
0.133735 129.6 90.0933
0.133735 136.8 85.7576
0.133735 144 81.8144
0.133735 151.2 79.2259
0.133735 158.4 78.8271
0.133735 165.6 81.2309
0.133735 172.8 86.7735

0.136502 -180 101.101
0.136502 -172.8 113.811
0.136502 -165.6 128.829
0.136502 -158.4 145.569
0.136502 -151.2 163.346
0.136502 -144 181.433
0.136502 -136.8 199.103
0.136502 -129.6 215.671
0.136502 -122.4 230.525
0.136502 -115.2 243.156
0.136502 -108 253.174
0.136502 -100.8 260.315
0.136502 -93.6 264.449
0.136502 -86.4 265.578
0.136502 -79.2 263.826
0.136502 -72 259.413
0.136502 -64.8 252.629
0.136502 -57.6 243.791
0.136502 -50.4 233.205
0.136502 -43.2 221.151
0.136502 -36 207.873
0.136502 -28.8 193.586
0.136502 -21.6 178.503
0.136502 -14.4 162.859
0.136502 -7.2 146.937
0.136502 6.36111e-14 131.086
0.136502 7.2 115.729
0.136502 14.4 101.353
0.136502 21.6 88.4879
0.136502 28.8 77.6581
0.136502 36 69.3258
0.136502 43.2 63.8207
0.136502 50.4 61.2722
0.136502 57.6 61.5566
0.136502 64.8 64.2783
0.136502 72 68.7942
0.136502 79.2 74.2861
0.136502 86.4 79.8696
0.136502 93.6 84.7191
0.136502 100.8 88.1849
0.136502 108 89.8829
0.136502 115.2 89.7459
0.136502 122.4 88.0314
0.136502 129.6 85.2873
0.136502 136.8 82.2764
0.136502 144 79.8702
0.136502 151.2 78.9287
0.136502 158.4 80.1866
0.136502 165.6 84.1681
0.136502 172.8 91.1393

0.139293 -180 107.62
0.139293 -172.8 121.261
0.139293 -165.6 136.997
0.139293 -158.4 154.257
0.139293 -151.2 172.385
0.139293 -144 190.694
0.139293 -136.8 208.497
0.139293 -129.6 225.15
0.139293 -122.4 240.08
0.139293 -115.2 252.808
0.139293 -108 262.968
0.139293 -100.8 270.314
0.139293 -93.6 274.725
0.139293 -86.4 276.202
0.139293 -79.2 274.861
0.139293 -72 270.908
0.139293 -64.8 264.61
0.139293 -57.6 256.257
0.139293 -50.4 246.131
0.139293 -43.2 234.485
0.139293 -36 221.538
0.139293 -28.8 207.485
0.139293 -21.6 192.521
0.139293 -14.4 176.864
0.139293 -7.2 160.777
0.139293 6.36111e-14 144.594
0.139293 7.2 128.719
0.139293 14.4 113.626
0.139293 21.6 99.829
0.139293 28.8 87.8478
0.139293 36 78.148
0.139293 43.2 71.0777
0.139293 50.4 66.8021
0.139293 57.6 65.2533
0.139293 64.8 66.1104
0.139293 72 68.8195
0.139293 79.2 72.6591
0.139293 86.4 76.8394
0.139293 93.6 80.6173
0.139293 100.8 83.4055
0.139293 108 84.8563
0.139293 115.2 84.9093
0.139293 122.4 83.7992
0.139293 129.6 82.0229
0.139293 136.8 80.2687
0.139293 144 79.3173
0.139293 151.2 79.9305
0.139293 158.4 82.7477
0.139293 165.6 88.2091
0.139293 172.8 96.5144

0.142108 -180 114.999
0.142108 -172.8 129.496
0.142108 -165.6 145.883
0.142108 -158.4 163.605
0.142108 -151.2 182.038
0.142108 -144 200.527
0.142108 -136.8 218.428
0.142108 -129.6 235.136
0.142108 -122.4 250.114
0.142108 -115.2 262.915
0.142108 -108 273.196
0.142108 -100.8 280.727
0.142108 -93.6 285.394
0.142108 -86.4 287.199
0.142108 -79.2 286.249
0.142108 -72 282.736
0.142108 -64.8 276.903
0.142108 -57.6 269.018
0.142108 -50.4 259.335
0.142108 -43.2 248.084
0.142108 -36 235.462
0.142108 -28.8 221.645
0.142108 -21.6 206.808
0.142108 -14.4 191.153
0.142108 -7.2 174.928
0.142108 6.36111e-14 158.45
0.142108 7.2 142.108
0.142108 14.4 126.358
0.142108 21.6 111.703
0.142108 28.8 98.6564
0.142108 36 87.6858
0.142108 43.2 79.1559
0.142108 50.4 73.2651
0.142108 57.6 69.9975
0.142108 64.8 69.1023
0.142108 72 70.1101
0.142108 79.2 72.3914
0.142108 86.4 75.2466
0.142108 93.6 78.0118
0.142108 100.8 80.1601
0.142108 108 81.3787
0.142108 115.2 81.6141
0.142108 122.4 81.0788
0.142108 129.6 80.2205
0.142108 136.8 79.6559
0.142108 144 80.0786
0.142108 151.2 82.1567
0.142108 158.4 86.4389
0.142108 165.6 93.2854
0.142108 172.8 102.834

0.144946 -180 123.179
0.144946 -172.8 138.46
0.144946 -165.6 155.436
0.144946 -158.4 173.567
0.144946 -151.2 192.258
0.144946 -144 210.89
0.144946 -136.8 228.857
0.144946 -129.6 245.592
0.144946 -122.4 260.595
0.144946 -115.2 273.447
0.144946 -108 283.829
0.144946 -100.8 291.524
0.144946 -93.6 296.428
0.144946 -86.4 298.541
0.144946 -79.2 297.963
0.144946 -72 294.868
0.144946 -64.8 289.481
0.144946 -57.6 282.045
0.144946 -50.4 272.79
0.144946 -43.2 261.923
0.144946 -36 249.618
0.144946 -28.8 236.035
0.144946 -21.6 221.332
0.144946 -14.4 205.695
0.144946 -7.2 189.357
0.144946 6.36111e-14 172.62
0.144946 7.2 155.856
0.144946 14.4 139.508
0.144946 21.6 124.066
0.144946 28.8 110.035
0.144946 36 97.8859
0.144946 43.2 87.9977
0.144946 50.4 80.5993
0.144946 57.6 75.7234
0.144946 64.8 73.1847
0.144946 72 72.5938
0.144946 79.2 73.4083
0.144946 86.4 75.0145
0.144946 93.6 76.8248
0.144946 100.8 78.3699
0.144946 108 79.3709
0.144946 115.2 79.7808
0.144946 122.4 79.7911
0.144946 129.6 79.802
0.144946 136.8 80.3613
0.144946 144 82.0794
0.144946 151.2 85.5349
0.144946 158.4 91.1903
0.144946 165.6 99.3306
0.144946 172.8 110.035

0.147808 -180 132.103
0.147808 -172.8 148.099
0.147808 -165.6 165.605
0.147808 -158.4 184.097
0.147808 -151.2 203.004
0.147808 -144 221.744
0.147808 -136.8 239.747
0.147808 -129.6 256.485
0.147808 -122.4 271.49
0.147808 -115.2 284.374
0.147808 -108 294.836
0.147808 -100.8 302.677
0.147808 -93.6 307.799
0.147808 -86.4 310.202
0.147808 -79.2 309.975
0.147808 -72 307.279
0.147808 -64.8 302.318
0.147808 -57.6 295.312
0.147808 -50.4 286.469
0.147808 -43.2 275.972
0.147808 -36 263.978
0.147808 -28.8 250.628
0.147808 -21.6 236.064
0.147808 -14.4 220.459
0.147808 -7.2 204.032
0.147808 6.36111e-14 187.068
0.147808 7.2 169.927
0.147808 14.4 153.036
0.147808 21.6 136.873
0.147808 28.8 121.936
0.147808 36 108.697
0.147808 43.2 97.5478
0.147808 50.4 88.7454
0.147808 57.6 82.3674
0.147808 64.8 78.2904
0.147808 72 76.2001
0.147808 79.2 75.6365
0.147808 86.4 76.0681
0.147808 93.6 76.9797
0.147808 100.8 77.9573
0.147808 108 78.7548
0.147808 115.2 79.3316
0.147808 122.4 79.8586
0.147808 129.6 80.6907
0.147808 136.8 82.3098
0.147808 144 85.2465
0.147808 151.2 89.9946
0.147808 158.4 96.9347
0.147808 165.6 106.281
0.147808 172.8 118.057

0.150693 -180 141.717
0.150693 -172.8 158.365
0.150693 -165.6 176.345
0.150693 -158.4 195.149
0.150693 -151.2 214.235
0.150693 -144 233.051
0.150693 -136.8 251.064
0.150693 -129.6 267.782
0.150693 -122.4 282.769
0.150693 -115.2 295.665
0.150693 -108 306.191
0.150693 -100.8 314.161
0.150693 -93.6 319.482
0.150693 -86.4 322.155
0.150693 -79.2 322.26
0.150693 -72 319.943
0.150693 -64.8 315.389
0.150693 -57.6 308.794
0.150693 -50.4 300.347
0.150693 -43.2 290.208
0.150693 -36 278.517
0.150693 -28.8 265.397
0.150693 -21.6 250.977
0.150693 -14.4 235.417
0.150693 -7.2 218.922
0.150693 6.36111e-14 201.764
0.150693 7.2 184.286
0.150693 14.4 166.904
0.150693 21.6 150.083
0.150693 28.8 134.315
0.150693 36 120.07
0.150693 43.2 107.753
0.150693 50.4 97.6459
0.150693 57.6 89.8682
0.150693 64.8 84.3542
0.150693 72 80.8604
0.150693 79.2 79.005
0.150693 86.4 78.3339
0.150693 93.6 78.4014
0.150693 100.8 78.8465
0.150693 108 79.4542
0.150693 115.2 80.1901
0.150693 122.4 81.2056
0.150693 129.6 82.812
0.150693 136.8 85.4283
0.150693 144 89.5091
0.150693 151.2 95.4676
0.150693 158.4 103.607
0.150693 165.6 114.074
0.150693 172.8 126.842

