0.0396 -180 58.2737
0.0396 -171 46.597
0.0396 -162 37.9213
0.0396 -153 31.9249
0.0396 -144 28.2104
0.0396 -135 26.3475
0.0396 -126 25.9049
0.0396 -117 26.473
0.0396 -108 27.6843
0.0396 -99 29.238
0.0396 -90 30.9332
0.0396 -81 32.7084
0.0396 -72 34.6626
0.0396 -63 37.0347
0.0396 -54 40.1388
0.0396 -45 44.3047
0.0396 -36 49.8587
0.0396 -27 57.1225
0.0396 -18 66.3898
0.0396 -9 77.8635
0.0396 0 91.5734
0.0396 9 107.3
0.0396 18 124.528
0.0396 27 142.462
0.0396 36 160.115
0.0396 45 176.496
0.0396 54 190.889
0.0396 63 203.126
0.0396 72 213.543
0.0396 81 222.198
0.0396 90 227.727
0.0396 99 227.483
0.0396 108 219.498
0.0396 117 204.034
0.0396 126 183.167
0.0396 135 159.485
0.0396 144 135.241
0.0396 153 112.1
0.0396 162 91.1798
0.0396 171 73.1394
0.0396 180 58.2737

0.0415969 -180 52.4362
0.0415969 -171 41.3457
0.0415969 -162 33.2124
0.0415969 -153 27.6985
0.0415969 -144 24.3948
0.0415969 -135 22.8636
0.0415969 -126 22.6699
0.0415969 -117 23.4032
0.0415969 -108 24.6971
0.0415969 -99 26.2534
0.0415969 -90 27.8737
0.0415969 -81 29.4952
0.0415969 -72 31.211
0.0415969 -63 33.2509
0.0415969 -54 35.9255
0.0415969 -45 39.5732
0.0415969 -36 44.5395
0.0415969 -27 51.1722
0.0415969 -18 59.7942
0.0415969 -9 70.6408
0.0415969 0 83.7763
0.0415969 9 99.015
0.0415969 18 115.874
0.0415969 27 133.578
0.0415969 36 151.153
0.0415969 45 167.6
0.0415969 54 182.165
0.0415969 63 194.584
0.0415969 72 205.02
0.0415969 81 213.382
0.0415969 90 218.371
0.0415969 99 217.654
0.0415969 108 209.531
0.0415969 117 194.28
0.0415969 126 173.841
0.0415969 135 150.679
0.0415969 144 126.992
0.0415969 153 104.433
0.0415969 162 84.1164
0.0415969 171 66.6912
0.0415969 180 52.4362

0.0436408 -180 46.9559
0.0436408 -171 36.4717
0.0436408 -162 28.8926
0.0436408 -153 23.8661
0.0436408 -144 20.9729
0.0436408 -135 19.7699
0.0436408 -126 19.8198
0.0436408 -117 20.7124
0.0436408 -108 22.0836
0.0436408 -99 23.638
0.0436408 -90 25.1794
0.0436408 -81 26.6437
0.0436408 -72 28.1178
0.0436408 -63 29.8232
0.0436408 -54 32.0668
0.0436408 -45 35.1938
0.0436408 -36 39.5669
0.0436408 -27 45.5576
0.0436408 -18 53.5164
0.0436408 -9 63.7099
0.0436408 0 76.2369
0.0436408 9 90.9472
0.0436408 18 107.39
0.0436408 27 124.816
0.0436408 36 142.262
0.0436408 45 158.726
0.0436408 54 173.416
0.0436408 63 185.973
0.0436408 72 196.411
0.0436408 81 204.507
0.0436408 90 209.027
0.0436408 99 207.906
0.0436408 108 199.68
0.0436408 117 184.655
0.0436408 126 164.654
0.0436408 135 142.038
0.0436408 144 118.946
0.0436408 153 97.0144
0.0436408 162 77.344
0.0436408 171 60.5712
0.0436408 180 46.9559

0.0457314 -180 41.8464
0.0457314 -171 31.9846
0.0457314 -162 24.9679
0.0457314 -153 20.4307
0.0457314 -144 17.9454
0.0457314 -135 17.065
0.0457314 -126 17.3516
0.0457314 -117 18.3967
0.0457314 -108 19.8391
0.0457314 -99 21.3867
0.0457314 -90 22.8453
0.0457314 -81 24.1495
0.0457314 -72 25.3801
0.0457314 -63 26.7504
0.0457314 -54 28.5635
0.0457314 -45 31.17
0.0457314 -36 34.9474
0.0457314 -27 40.2886
0.0457314 -18 47.5702
0.0457314 -9 57.0889
0.0457314 0 68.9774
0.0457314 9 83.1213
0.0457314 18 99.1035
0.0457314 27 116.203
0.0457314 36 133.472
0.0457314 45 149.903
0.0457314 54 164.669
0.0457314 63 177.324
0.0457314 72 187.743
0.0457314 81 195.599
0.0457314 90 199.713
0.0457314 99 198.252
0.0457314 108 189.962
0.0457314 117 175.178
0.0457314 126 155.634
0.0457314 135 133.591
0.0457314 144 111.133
0.0457314 153 89.8688
0.0457314 162 70.8843
0.0457314 171 54.7972
0.0457314 180 41.8464

0.0478685 -180 37.1191
0.0478685 -171 27.892
0.0478685 -162 21.4426
0.0478685 -153 17.3937
0.0478685 -144 15.3113
0.0478685 -135 14.7461
0.0478685 -126 15.2612
0.0478685 -117 16.4509
0.0478685 -108 17.9579
0.0478685 -99 19.4935
0.0478685 -90 20.8657
0.0478685 -81 22.0075
0.0478685 -72 22.9938
0.0478685 -63 24.0301
0.0478685 -54 25.4151
0.0478685 -45 27.5035
0.0478685 -36 30.6857
0.0478685 -27 35.3736
0.0478685 -18 41.9679
0.0478685 -9 50.7941
0.0478685 0 62.018
0.0478685 9 75.5612
0.0478685 18 91.0418
0.0478685 27 107.768
0.0478685 36 124.81
0.0478685 45 141.159
0.0478685 54 155.953
0.0478685 63 168.665
0.0478685 72 179.05
0.0478685 81 186.686
0.0478685 90 190.45
0.0478685 99 188.709
0.0478685 108 180.393
0.0478685 117 165.874
0.0478685 126 146.807
0.0478685 135 125.365
0.0478685 144 103.577
0.0478685 153 83.02
0.0478685 162 64.7572
0.0478685 171 49.3849
0.0478685 180 37.1191

0.0500519 -180 32.7834
0.0500519 -171 24.1995
0.0500519 -162 18.319
0.0500519 -153 14.7548
0.0500519 -144 13.0681
0.0500519 -135 12.8091
0.0500519 -126 13.5432
0.0500519 -117 14.8689
0.0500519 -108 16.4332
0.0500519 -99 17.9515
0.0500519 -90 19.2338
0.0500519 -81 20.2115
0.0500519 -72 20.954
0.0500519 -63 21.6587
0.0500519 -54 22.6199
0.0500519 -45 24.195
0.0500519 -36 26.785
0.0500519 -27 30.8191
0.0500519 -18 36.7198
0.0500519 -9 44.8398
0.0500519 0 55.3772
0.0500519 9 68.2892
0.0500519 18 83.2299
0.0500519 27 99.5387
0.0500519 36 116.306
0.0500519 45 132.523
0.0500519 54 147.297
0.0500519 63 160.028
0.0500519 72 170.361
0.0500519 81 177.797
0.0500519 90 181.261
0.0500519 99 179.296
0.0500519 108 170.994
0.0500519 117 156.764
0.0500519 126 138.198
0.0500519 135 117.388
0.0500519 144 96.3044
0.0500519 153 76.49
0.0500519 162 58.9806
0.0500519 171 44.3476
0.0500519 180 32.7834

0.0522814 -180 28.8467
0.0522814 -171 20.9108
0.0522814 -162 15.5978
0.0522814 -153 12.5122
0.0522814 -144 11.212
0.0522814 -135 11.2487
0.0522814 -126 12.1914
0.0522814 -117 13.6436
0.0522814 -108 15.2575
0.0522814 -99 16.753
0.0522814 -90 17.9421
0.0522814 -81 18.7549
0.0522814 -72 19.2547
0.0522814 -63 19.6317
0.0522814 -54 20.175
0.0522814 -45 21.2436
0.0522814 -36 23.2472
0.0522814 -27 26.6299
0.0522814 -18 31.8342
0.0522814 -9 39.2384
0.0522814 0 49.0715
0.0522814 9 61.3258
0.0522814 18 75.6918
0.0522814 27 91.5416
0.0522814 36 107.987
0.0522814 45 124.025
0.0522814 54 138.733
0.0522814 63 151.446
0.0522814 72 161.71
0.0522814 81 168.962
0.0522814 90 172.171
0.0522814 99 170.033
0.0522814 108 161.786
0.0522814 117 147.872
0.0522814 126 129.833
0.0522814 135 109.683
0.0522814 144 89.3381
0.0522814 153 70.2984
0.0522814 162 53.5699
0.0522814 171 39.6968
0.0522814 180 28.8467

0.0545567 -180 25.3141
0.0545567 -171 18.0277
0.0545567 -162 13.278
0.0545567 -153 10.6625
0.0545567 -144 9.73807
0.0545567 -135 10.0587
0.0545567 -126 11.1985
0.0545567 -117 12.767
0.0545567 -108 14.4225
0.0545567 -99 15.8897
0.0545567 -90 16.9826
0.0545567 -81 17.6299
0.0545567 -72 17.8894
0.0545567 -63 17.9436
0.0545567 -54 18.0765
0.0545567 -45 18.6472
0.0545567 -36 20.0726
0.0545567 -27 22.8093
0.0545567 -18 27.318
0.0545567 -9 34.0006
0.0545567 0 43.1155
0.0545567 9 54.6896
0.0545567 18 68.4498
0.0545567 27 83.8022
0.0545567 36 99.8832
0.0545567 45 115.694
0.0545567 54 130.292
0.0545567 63 142.949
0.0545567 72 153.129
0.0545567 81 160.211
0.0545567 90 163.205
0.0545567 99 160.943
0.0545567 108 152.789
0.0545567 117 139.222
0.0545567 126 121.736
0.0545567 135 102.276
0.0545567 144 82.699
0.0545567 153 64.4627
0.0545567 162 48.5388
0.0545567 171 35.4417
0.0545567 180 25.3141

0.0568776 -180 22.1892
0.0568776 -171 15.5505
0.0568776 -162 11.357
0.0568776 -153 9.20116
0.0568776 -144 8.64004
0.0568776 -135 9.23159
0.0568776 -126 10.5563
0.0568776 -117 12.2305
0.0568776 -108 13.9194
0.0568776 -99 15.3525
0.0568776 -90 16.3465
0.0568776 -81 16.8283
0.0568776 -72 16.8505
0.0568776 -63 16.5882
0.0568776 -54 16.3196
0.0568776 -45 16.4029
0.0568776 -36 17.2603
0.0568776 -27 19.3591
0.0568776 -18 23.1762
0.0568776 -9 29.135
0.0568776 0 37.5219
0.0568776 9 48.3973
0.0568776 18 61.5245
0.0568776 27 76.3444
0.0568776 36 92.0195
0.0568776 45 107.56
0.0568776 54 122.004
0.0568776 63 134.571
0.0568776 72 144.65
0.0568776 81 151.574
0.0568776 90 154.391
0.0568776 99 152.049
0.0568776 108 144.027
0.0568776 117 130.837
0.0568776 126 113.93
0.0568776 135 95.1882
0.0568776 144 76.4066
0.0568776 153 58.9985
0.0568776 162 43.8983
0.0568776 171 31.5894
0.0568776 180 22.1892

0.059244 -180 19.4735
0.059244 -171 13.4776
0.059244 -162 9.83097
0.059244 -153 8.12242
0.059244 -144 7.91075
0.059244 -135 8.75932
0.059244 -126 10.2559
0.059244 -117 12.025
0.059244 -108 13.7387
0.059244 -99 15.1322
0.059244 -90 16.0246
0.059244 -81 16.3415
0.059244 -72 16.1302
0.059244 -63 15.5585
0.059244 -54 14.8983
0.059244 -45 14.5062
0.059244 -36 14.8079
0.059244 -27 16.2796
0.059244 -18 19.412
0.059244 -9 24.6483
0.059244 0 32.3013
0.059244 9 42.4636
0.059244 18 54.9346
0.059244 27 69.1904
0.059244 36 84.4216
0.059244 45 99.6501
0.059244 54 113.9
0.059244 63 126.344
0.059244 72 136.308
0.059244 81 143.084
0.059244 90 145.755
0.059244 99 143.375
0.059244 108 135.523
0.059244 117 122.739
0.059244 126 106.438
0.059244 135 88.4392
0.059244 144 70.478
0.059244 153 53.9192
0.059244 162 39.6578
0.059244 171 28.1452
0.059244 180 19.4735

0.0616554 -180 17.1668
0.0616554 -171 11.8061
0.0616554 -162 8.69472
0.0616554 -153 7.41938
0.0616554 -144 7.54212
0.0616554 -135 8.63296
0.0616554 -126 10.2881
0.0616554 -117 12.1407
0.0616554 -108 13.8706
0.0616554 -99 15.2189
0.0616554 -90 16.0073
0.0616554 -81 16.1602
0.0616554 -72 15.72
0.0616554 -63 14.8468
0.0616554 -54 13.8062
0.0616554 -45 12.9522
0.0616554 -36 12.7123
0.0616554 -27 13.5697
0.0616554 -18 16.0271
0.0616554 -9 20.5457
0.0616554 0 27.4626
0.0616554 9 36.9013
0.0616554 18 48.6968
0.0616554 27 62.3608
0.0616554 36 77.1136
0.0616554 45 91.9913
0.0616554 54 106.008
0.0616554 63 118.298
0.0616554 72 128.132
0.0616554 81 134.77
0.0616554 90 137.325
0.0616554 99 134.945
0.0616554 108 127.298
0.0616554 117 114.949
0.0616554 126 99.2802
0.0616554 135 82.0478
0.0616554 144 64.9283
0.0616554 153 49.2358
0.0616554 162 35.8243
0.0616554 171 25.1123
0.0616554 180 17.1668

0.0641117 -180 15.2675
0.0641117 -171 10.5317
0.0641117 -162 7.94189
0.0641117 -153 7.08421
0.0641117 -144 7.52528
0.0641117 -135 8.84296
0.0641117 -126 10.6428
0.0641117 -117 12.5674
0.0641117 -108 14.3049
0.0641117 -99 15.6024
0.0641117 -90 16.2847
0.0641117 -81 16.2751
0.0641117 -72 15.6108
0.0641117 -63 14.4449
0.0641117 -54 13.0361
0.0641117 -45 11.7347
0.0641117 -36 10.9689
0.0641117 -27 11.2271
0.0641117 -18 13.0219
0.0641117 -9 16.8304
0.0641117 0 23.0124
0.0641117 9 31.721
0.0641117 18 42.8256
0.0641117 27 55.8741
0.0641117 36 70.1174
0.0641117 45 84.6089
0.0641117 54 98.3572
0.0641117 63 110.465
0.0641117 72 120.155
0.0641117 81 126.661
0.0641117 90 129.128
0.0641117 99 126.784
0.0641117 108 119.374
0.0641117 117 107.489
0.0641117 126 92.4751
0.0641117 135 76.0303
0.0641117 144 59.7704
0.0641117 153 44.9574
0.0641117 162 32.403
0.0641117 171 22.4921
0.0641117 180 15.2675

0.0666127 -180 13.7723
0.0666127 -171 9.64878
0.0666127 -162 7.56508
0.0666127 -153 7.10824
0.0666127 -144 7.8507
0.0666127 -135 9.37924
0.0666127 -126 11.3097
0.0666127 -117 13.2946
0.0666127 -108 15.031
0.0666127 -99 16.2725
0.0666127 -90 16.8467
0.0666127 -81 16.6762
0.0666127 -72 15.7934
0.0666127 -63 14.3441
0.0666127 -54 12.5801
0.0666127 -45 10.847
0.0666127 -36 9.57248
0.0666127 -27 9.2482
0.0666127 -18 10.3951
0.0666127 -9 13.5041
0.0666127 0 18.9559
0.0666127 9 26.9314
0.0666127 18 37.3338
0.0666127 27 49.7469
0.0666127 36 63.4535
0.0666127 45 77.5265
0.0666127 54 90.9737
0.0666127 63 102.872
0.0666127 72 112.406
0.0666127 81 118.787
0.0666127 90 121.19
0.0666127 99 118.913
0.0666127 108 111.773
0.0666127 117 100.377
0.0666127 126 86.04
0.0666127 135 70.4012
0.0666127 144 55.0153
0.0666127 153 41.0911
0.0666127 162 29.397
0.0666127 171 20.2844
0.0666127 180 13.7723

0.069158 -180 12.6765
0.069158 -171 9.15056
0.069158 -162 7.55597
0.069158 -153 7.48202
0.069158 -144 8.50825
0.069158 -135 10.2313
0.069158 -126 12.278
0.069158 -117 14.3116
0.069158 -108 16.0384
0.069158 -99 17.2184
0.069158 -90 17.6829
0.069158 -81 17.3536
0.069158 -72 16.2582
0.069158 -63 14.5355
0.069158 -54 12.4299
0.069158 -45 10.2817
0.069158 -36 8.51675
0.069158 -27 7.6285
0.069158 -18 8.14424
0.069158 -9 10.5669
0.069158 0 15.2962
0.069158 9 22.5392
0.069158 18 32.2319
0.069158 27 43.9936
0.069158 36 57.14
0.069158 45 70.7661
0.069158 54 83.8824
0.069158 63 95.5465
0.069158 72 104.912
0.069158 81 111.175
0.069158 90 113.534
0.069158 99 111.356
0.069158 108 104.513
0.069158 117 93.6308
0.069158 126 79.9903
0.069158 135 65.1727
0.069158 144 50.6716
0.069158 153 37.6419
0.069158 162 26.8077
0.069158 171 18.4872
0.069158 180 12.6765

0.0717474 -180 11.9743
0.0717474 -171 9.02928
0.0717474 -162 7.90539
0.0717474 -153 8.19552
0.0717474 -144 9.48731
0.0717474 -135 11.3882
0.0717474 -126 13.5368
0.0717474 -117 15.6075
0.0717474 -108 17.3161
0.0717474 -99 18.4297
0.0717474 -90 18.783
0.0717474 -81 18.2972
0.0717474 -72 16.9955
0.0717474 -63 15.0097
0.0717474 -54 12.5766
0.0717474 -45 10.0308
0.0717474 -36 7.79476
0.0717474 -27 6.36243
0.0717474 -18 6.26567
0.0717474 -9 8.01761
0.0717474 0 12.0349
0.0717474 9 18.5494
0.0717474 18 27.5284
0.0717474 27 38.6266
0.0717474 36 51.1932
0.0717474 45 64.3473
0.0717474 54 77.1064
0.0717474 63 88.5146
0.0717474 72 97.7011
0.0717474 81 103.85
0.0717474 90 106.186
0.0717474 99 104.133
0.0717474 108 97.6142
0.0717474 117 87.2669
0.0717474 126 74.3394
0.0717474 135 60.3551
0.0717474 144 46.7463
0.0717474 153 34.6127
0.0717474 162 24.6347
0.0717474 171 17.0972
0.0717474 180 11.9743

0.0743807 -180 11.6587
0.0743807 -171 9.27623
0.0743807 -162 8.6035
0.0743807 -153 9.23812
0.0743807 -144 10.7769
0.0743807 -135 12.8389
0.0743807 -126 15.075
0.0743807 -117 17.1712
0.0743807 -108 18.8533
0.0743807 -99 19.8956
0.0743807 -90 20.1364
0.0743807 -81 19.4966
0.0743807 -72 17.9952
0.0743807 -63 15.757
0.0743807 -54 13.0112
0.0743807 -45 10.0857
0.0743807 -36 7.39887
0.0743807 -27 5.44356
0.0743807 -18 4.75459
0.0743807 -9 5.85342
0.0743807 0 9.1719
0.0743807 9 14.9649
0.0743807 18 23.23
0.0743807 27 33.6563
0.0743807 36 45.6272
0.0743807 45 58.2879
0.0743807 54 70.6666
0.0743807 63 81.7992
0.0743807 72 90.7969
0.0743807 81 96.8365
0.0743807 90 99.1674
0.0743807 99 97.2624
0.0743807 108 91.092
0.0743807 117 81.2991
0.0743807 126 69.0986
0.0743807 135 55.9567
0.0743807 144 43.2438
0.0743807 153 32.005
0.0743807 162 22.876
0.0743807 171 16.1095
0.0743807 180 11.6587

0.0770576 -180 11.7217
0.0770576 -171 9.88194
0.0770576 -162 9.63983
0.0770576 -153 10.5988
0.0770576 -144 12.3657
0.0770576 -135 14.572
0.0770576 -126 16.8812
0.0770576 -117 18.9917
0.0770576 -108 20.6391
0.0770576 -99 21.6054
0.0770576 -90 21.7326
0.0770576 -81 20.9416
0.0770576 -72 19.2474
0.0770576 -63 16.7679
0.0770576 -54 13.7243
0.0770576 -45 10.4375
0.0770576 -36 7.32086
0.0770576 -27 4.8647
0.0770576 -18 3.60522
0.0770576 -9 4.07051
0.0770576 0 6.70579
0.0770576 9 11.7872
0.0770576 18 19.3411
0.0770576 27 29.0908
0.0770576 36 40.4538
0.0770576 45 52.6035
0.0770576 54 64.5816
0.0770576 63 75.4216
0.0770576 72 84.2221
0.0770576 81 90.1566
0.0770576 90 92.4975
0.0770576 99 90.7631
0.0770576 108 84.9616
0.0770576 117 75.7396
0.0770576 126 64.2774
0.0770576 135 51.9836
0.0770576 144 40.1672
0.0770576 153 29.8181
0.0770576 162 21.5281
0.0770576 171 15.5182
0.0770576 180 11.7217

0.0797778 -180 12.1543
0.0797778 -171 10.8362
0.0797778 -162 11.0034
0.0797778 -153 12.2661
0.0797778 -144 14.2423
0.0797778 -135 16.576
0.0797778 -126 18.9443
0.0797778 -117 21.0578
0.0797778 -108 22.6627
0.0797778 -99 23.5484
0.0797778 -90 23.5613
0.0797778 -81 22.6221
0.0797778 -72 20.742
0.0797778 -63 18.0323
0.0797778 -54 14.7062
0.0797778 -45 11.077
0.0797778 -36 7.55202
0.0797778 -27 4.61796
0.0797778 -18 2.81091
0.0797778 -9 2.66386
0.0797778 0 4.63366
0.0797778 9 9.01607
0.0797778 18 15.8648
0.0797778 27 24.9364
0.0797778 36 35.6831
0.0797778 45 47.3073
0.0797778 54 58.8682
0.0797778 63 69.4008
0.0797778 72 77.9969
0.0797778 81 83.83
0.0797778 90 86.1951
0.0797778 99 84.6503
0.0797778 108 79.2361
0.0797778 117 70.599
0.0797778 126 59.883
0.0797778 135 48.4401
0.0797778 144 37.5175
0.0797778 153 28.05
0.0797778 162 20.5862
0.0797778 171 15.316
0.0797778 180 12.1543

0.082541 -180 12.9467
0.082541 -171 12.1283
0.082541 -162 12.6828
0.082541 -153 14.2285
0.082541 -144 16.3948
0.082541 -135 18.8394
0.082541 -126 21.2529
0.082541 -117 23.3586
0.082541 -108 24.9133
0.082541 -99 25.7143
0.082541 -90 25.6121
0.082541 -81 24.5278
0.082541 -72 22.469
0.082541 -63 19.5404
0.082541 -54 15.9472
0.082541 -45 11.9947
0.082541 -36 8.08323
0.082541 -27 4.69489
0.082541 -18 2.3642
0.082541 -9 1.62742
0.082541 0 2.95137
0.082541 9 6.64968
0.082541 18 12.8021
0.082541 27 21.1974
0.082541 36 31.3226
0.082541 45 42.4106
0.082541 54 53.5404
0.082541 63 63.7535
0.082541 72 72.1392
0.082541 81 77.8746
0.082541 90 80.2762
0.082541 99 78.9378
0.082541 108 73.9267
0.082541 117 65.8853
0.082541 126 55.9211
0.082541 135 45.3286
0.082541 144 35.2938
0.082541 153 26.6971
0.082541 162 20.044
0.082541 171 15.4948
0.082541 180 12.9467

0.085347 -180 14.0886
0.085347 -171 13.7469
0.085347 -162 14.6664
0.085347 -153 16.4741
0.085347 -144 18.8117
0.085347 -135 21.3507
0.085347 -126 23.7958
0.085347 -117 25.8831
0.085347 -108 27.3803
0.085347 -99 28.0925
0.085347 -90 27.8748
0.085347 -81 26.6487
0.085347 -72 24.4184
0.085347 -63 21.2823
0.085347 -54 17.4374
0.085347 -45 13.1807
0.085347 -36 8.90502
0.085347 -27 5.08652
0.085347 -18 2.25692
0.085347 -9 0.95427
0.085347 0 1.65364
0.085347 9 4.68492
0.085347 18 10.1524
0.085347 27 17.8764
0.085347 36 27.3782
0.085347 45 37.9224
0.085347 54 48.6105
0.085347 63 58.4941
0.085347 72 66.6648
0.085347 81 72.3059
0.085347 90 74.7551
0.085347 99 73.6375
0.085347 108 69.0423
0.085347 117 61.6052
0.085347 126 52.3951
0.085347 135 42.6496
0.085347 144 33.4939
0.085347 153 25.7543
0.085347 162 19.8943
0.085347 171 16.0454
0.085347 180 14.0886

0.0881954 -180 15.5689
0.0881954 -171 15.6803
0.0881954 -162 16.9422
0.0881954 -153 18.9909
0.0881954 -144 21.481
0.0881954 -135 24.0983
0.0881954 -126 26.5618
0.0881954 -117 28.6206
0.0881954 -108 30.0532
0.0881954 -99 30.6729
0.0881954 -90 30.3393
0.0881954 -81 28.9748
0.0881954 -72 26.5804
0.0881954 -63 23.2481
0.0881954 -54 19.167
0.0881954 -45 14.6253
0.0881954 -36 10.0077
0.0881954 -27 5.78346
0.0881954 -18 2.48033
0.0881954 -9 0.636636
0.0881954 0 0.734148
0.0881954 9 3.11738
0.0881954 18 7.91375
0.0881954 27 14.974
0.0881954 36 23.8535
0.0881954 45 33.8495
0.0881954 54 44.0881
0.0881954 63 53.6346
0.0881954 72 61.5869
0.0881954 81 67.1371
0.0881954 90 69.6435
0.0881954 99 68.7591
0.0881954 108 64.5904
0.0881954 117 57.763
0.0881954 126 49.3068
0.0881954 135 40.4021
0.0881954 144 32.114
0.0881954 153 25.2154
0.0881954 162 20.1288
0.0881954 171 16.958
0.0881954 180 15.5689

0.091086 -180 17.3762
0.091086 -171 17.9167
0.091086 -162 19.498
0.091086 -153 21.7668
0.091086 -144 24.391
0.091086 -135 27.071
0.091086 -126 29.54
0.091086 -117 31.5604
0.091086 -108 32.9218
0.091086 -99 33.4455
0.091086 -90 32.996
0.091086 -81 31.4965
0.091086 -72 28.9452
0.091086 -63 25.428
0.091086 -54 21.1261
0.091086 -45 16.3185
0.091086 -36 11.3812
0.091086 -27 6.77598
0.091086 -18 3.02514
0.091086 -9 0.666057
0.091086 0 0.185648
0.091086 9 1.94149
0.091086 18 6.0827
0.091086 27 12.4893
0.091086 36 20.7506
0.091086 45 30.1968
0.091086 54 39.9809
0.091086 63 49.1849
0.091086 72 56.9165
0.091086 81 62.3792
0.091086 90 64.9512
0.091086 99 64.3102
0.091086 108 60.5759
0.091086 117 54.3613
0.091086 126 46.6559
0.091086 135 38.5833
0.091086 144 31.1488
0.091086 153 25.0729
0.091086 162 20.7381
0.091086 171 18.2219
0.091086 180 17.3762

0.0940184 -180 19.4986
0.0940184 -171 20.4437
0.0940184 -162 22.3217
0.0940184 -153 24.79
0.0940184 -144 27.5301
0.0940184 -135 30.2574
0.0940184 -126 32.7196
0.0940184 -117 34.6922
0.0940184 -108 35.9759
0.0940184 -99 36.4005
0.0940184 -90 35.8351
0.0940184 -81 34.2041
0.0940184 -72 31.5032
0.0940184 -63 27.8124
0.0940184 -54 23.3048
0.0940184 -45 18.2504
0.0940184 -36 13.0157
0.0940184 -27 8.05407
0.0940184 -18 3.88166
0.0940184 -9 1.03345
0.0940184 0 6.90631e-05
0.0940184 9 1.15063
0.0940184 18 4.65451
0.0940184 27 10.4199
0.0940184 36 18.0696
0.0940184 45 26.9673
0.0940184 54 36.2943
0.0940184 63 45.1526
0.0940184 72 52.6624
0.0940184 81 58.0409
0.0940184 90 60.6857
0.0940184 99 60.2964
0.0940184 108 57.0023
0.0940184 117 51.4009
0.0940184 126 44.4409
0.0940184 135 37.1891
0.0940184 144 30.5918
0.0940184 153 25.3185
0.0940184 162 21.7124
0.0940184 171 19.826
0.0940184 180 19.4986

0.0969924 -180 21.9239
0.0969924 -171 23.2491
0.0969924 -162 25.401
0.0969924 -153 28.0483
0.0969924 -144 30.8867
0.0969924 -135 33.6465
0.0969924 -126 36.09
0.0969924 -117 38.0058
0.0969924 -108 39.2059
0.0969924 -99 39.5283
0.0969924 -90 38.8473
0.0969924 -81 37.0885
0.0969924 -72 34.2452
0.0969924 -63 30.3918
0.0969924 -54 25.6935
0.0969924 -45 20.4109
0.0969924 -36 14.9008
0.0969924 -27 9.60753
0.0969924 -18 5.03984
0.0969924 -9 1.72922
0.0969924 0 0.16862
0.0969924 9 0.73724
0.0969924 18 3.62329
0.0969924 27 8.76211
0.0969924 36 15.8091
0.0969924 45 24.1621
0.0969924 54 33.032
0.0969924 63 41.5429
0.0969924 72 48.8312
0.0969924 81 54.1288
0.0969924 90 56.8526
0.0969924 99 56.7214
0.0969924 108 53.8709
0.0969924 117 48.881
0.0969924 126 42.6585
0.0969924 135 36.2139
0.0969924 144 30.4356
0.0969924 153 25.9426
0.0969924 162 23.0408
0.0969924 171 21.7586
0.0969924 180 21.9239

0.100008 -180 24.6397
0.100008 -171 26.3204
0.100008 -162 28.7237
0.100008 -153 31.53
0.100008 -144 34.4495
0.100008 -135 37.2274
0.100008 -126 39.6408
0.100008 -117 41.4914
0.100008 -108 42.6023
0.100008 -99 42.8198
0.100008 -90 42.0235
0.100008 -81 40.1405
0.100008 -72 37.1619
0.100008 -63 33.1569
0.100008 -54 28.2825
0.100008 -45 22.7901
0.100008 -36 17.0265
0.100008 -27 11.426
0.100008 -18 6.48934
0.100008 -9 2.74332
0.100008 0 0.681887
0.100008 9 0.69292
0.100008 18 2.98209
0.100008 27 7.51067
0.100008 36 13.9662
0.100008 45 21.7805
0.100008 54 30.1954
0.100008 63 38.3595
0.100008 72 45.4272
0.100008 81 50.6473
0.100008 90 53.4554
0.100008 99 53.587
0.100008 108 51.1815
0.100008 117 46.7991
0.100008 126 41.3039
0.100008 135 35.6509
0.100008 144 30.6713
0.100008 153 26.9352
0.100008 162 24.7121
0.100008 171 24.0077
0.100008 180 24.6397

0.103064 -180 27.6335
0.103064 -171 29.6451
0.103064 -162 32.2775
0.103064 -153 35.2233
0.103064 -144 38.2072
0.103064 -135 40.9896
0.103064 -126 43.3619
0.103064 -117 45.1393
0.103064 -108 46.1557
0.103064 -99 46.266
0.103064 -90 45.3549
0.103064 -81 43.3514
0.103064 -72 40.2446
0.103064 -63 36.0984
0.103064 -54 31.0623
0.103064 -45 25.3783
0.103064 -36 19.3825
0.103064 -27 13.4991
0.103064 -18 8.21963
0.103064 -9 4.06534
0.103064 0 1.52993
0.103064 9 1.00856
0.103064 18 2.72302
0.103064 27 6.65936
0.103064 36 12.5365
0.103064 45 19.8202
0.103064 54 27.7844
0.103064 63 35.6037
0.103064 72 42.4528
0.103064 81 47.5988
0.103064 90 50.4955
0.103064 99 50.8932
0.103064 108 48.9321
0.103064 117 45.151
0.103064 126 40.3712
0.103064 135 35.4922
0.103064 144 31.2895
0.103064 153 28.2855
0.103064 162 26.7145
0.103064 171 26.5609
0.103064 180 27.6335

0.106161 -180 30.8926
0.106161 -171 33.2108
0.106161 -162 36.0504
0.106161 -153 39.1168
0.106161 -144 42.1489
0.106161 -135 44.9226
0.106161 -126 47.2436
0.106161 -117 48.9402
0.106161 -108 49.8572
0.106161 -99 49.8581
0.106161 -90 48.833
0.106161 -81 46.7125
0.106161 -72 43.4844
0.106161 -63 39.2075
0.106161 -54 34.0239
0.106161 -45 28.1658
0.106161 -36 21.9588
0.106161 -27 15.8163
0.106161 -18 10.22
0.106161 -9 5.68461
0.106161 0 2.70235
0.106161 9 1.67442
0.106161 18 2.83737
0.106161 27 6.20086
0.106161 36 11.5144
0.106161 45 18.2777
0.106161 54 25.7972
0.106161 63 33.2752
0.106161 72 39.9087
0.106161 81 44.9839
0.106161 90 47.9727
0.106161 99 48.6383
0.106161 108 47.1191
0.106161 117 43.9314
0.106161 126 39.853
0.106161 135 35.7289
0.106161 144 32.2798
0.106161 153 29.9818
0.106161 162 29.0358
0.106161 171 29.4057
0.106161 180 30.8926

0.109298 -180 34.4044
0.109298 -171 37.0052
0.109298 -162 40.0306
0.109298 -153 43.199
0.109298 -144 46.264
0.109298 -135 49.0163
0.109298 -126 51.2763
0.109298 -117 52.885
0.109298 -108 53.6983
0.109298 -99 53.5879
0.109298 -90 52.4494
0.109298 -81 50.2158
0.109298 -72 46.873
0.109298 -63 42.4756
0.109298 -54 37.158
0.109298 -45 31.143
0.109298 -36 24.7454
0.109298 -27 18.3671
0.109298 -18 12.4797
0.109298 -9 7.59023
0.109298 0 4.18841
0.109298 9 2.68022
0.109298 18 3.3157
0.109298 27 6.12692
0.109298 36 10.8931
0.109298 45 17.1477
0.109298 54 24.2302
0.109298 63 31.3719
0.109298 72 37.7935
0.109298 81 42.8014
0.109298 90 45.8851
0.109298 99 46.8188
0.109298 108 45.7377
0.109298 117 43.1336
0.109298 126 39.741
0.109298 135 36.3511
0.109298 144 33.6312
0.109298 153 32.0124
0.109298 162 31.6634
0.109298 171 32.5294
0.109298 180 34.4044

0.112475 -180 38.1562
0.112475 -171 41.0159
0.112475 -162 44.2064
0.112475 -153 47.459
0.112475 -144 50.542
0.112475 -135 53.2611
0.112475 -126 55.4509
0.112475 -117 56.9651
0.112475 -108 57.6705
0.112475 -99 57.4472
0.112475 -90 56.1964
0.112475 -81 53.8531
0.112475 -72 50.4024
0.112475 -63 45.8943
0.112475 -54 40.4558
0.112475 -45 34.3006
0.112475 -36 27.7323
0.112475 -27 21.1412
0.112475 -18 14.988
0.112475 -9 9.77116
0.112475 0 5.97708
0.112475 9 4.01524
0.112475 18 4.14794
0.112475 27 6.42848
0.112475 36 10.665
0.112475 45 16.424
0.112475 54 23.0787
0.112475 63 29.8903
0.112475 72 36.1043
0.112475 81 41.0484
0.112475 90 44.2291
0.112475 99 45.4302
0.112475 108 44.7816
0.112475 117 42.7498
0.112475 126 40.0259
0.112475 135 37.3483
0.112475 144 35.332
0.112475 153 34.3649
0.112475 162 34.5847
0.112475 171 35.9191
0.112475 180 38.1562

0.115692 -180 42.1355
0.115692 -171 45.231
0.115692 -162 48.5663
0.115692 -153 51.8859
0.115692 -144 54.9728
0.115692 -135 57.6475
0.115692 -126 59.7584
0.115692 -117 61.172
0.115692 -108 61.7659
0.115692 -99 61.4284
0.115692 -90 60.0662
0.115692 -81 57.6169
0.115692 -72 54.0647
0.115692 -63 49.4553
0.115692 -54 43.9088
0.115692 -45 37.6295
0.115692 -36 30.9099
0.115692 -27 24.1283
0.115692 -18 17.734
0.115692 -9 12.2163
0.115692 0 8.05711
0.115692 9 5.66842
0.115692 18 5.32351
0.115692 27 7.09576
0.115692 36 10.8212
0.115692 45 16.0993
0.115692 54 22.3367
0.115692 63 28.8253
0.115692 72 34.8369
0.115692 81 39.7205
0.115692 90 42.9996
0.115692 99 44.4661
0.115692 108 44.2432
0.115692 117 42.771
0.115692 126 40.6976
0.115692 135 38.7091
0.115692 144 37.3702
0.115692 153 37.0266
0.115692 162 37.7867
0.115692 171 39.562
0.115692 180 42.1355

0.118948 -180 46.33
0.118948 -171 49.6386
0.118948 -162 53.0991
0.118948 -153 56.4692
0.118948 -144 59.5466
0.118948 -135 62.1662
0.118948 -126 64.1903
0.118948 -117 65.4978
0.118948 -108 65.9767
0.118948 -99 65.5238
0.118948 -90 64.0515
0.118948 -81 61.4999
0.118948 -72 57.8523
0.118948 -63 53.1508
0.118948 -54 47.5087
0.118948 -45 41.1207
0.118948 -36 34.2685
0.118948 -27 27.3182
0.118948 -18 20.7069
0.118948 -9 14.9144
0.118948 0 10.4171
0.118948 9 7.62838
0.118948 18 6.83137
0.118948 27 8.11837
0.118948 36 11.3524
0.118948 45 16.1651
0.118948 54 21.9968
0.118948 63 28.1707
0.118948 72 33.9855
0.118948 81 38.8121
0.118948 90 42.1904
0.118948 99 43.9194
0.118948 108 44.114
0.118948 117 43.1876
0.118948 126 41.745
0.118948 135 40.4219
0.118948 144 39.7333
0.118948 153 39.9847
0.118948 162 41.2565
0.118948 171 43.4453
0.118948 180 46.33

0.122244 -180 50.7272
0.122244 -171 54.227
0.122244 -162 57.7939
0.122244 -153 61.1988
0.122244 -144 64.2539
0.122244 -135 66.8085
0.122244 -126 68.7384
0.122244 -117 69.9346
0.122244 -108 70.2956
0.122244 -99 69.7266
0.122244 -90 68.1453
0.122244 -81 65.4949
0.122244 -72 61.7581
0.122244 -63 56.9732
0.122244 -54 51.2472
0.122244 -45 44.7657
0.122244 -36 37.799
0.122244 -27 30.7009
0.122244 -18 23.8962
0.122244 -9 17.8544
0.122244 0 13.0456
0.122244 9 9.88356
0.122244 18 8.66013
0.122244 27 9.4854
0.122244 36 12.2483
0.122244 45 16.6122
0.122244 54 22.0508
0.122244 63 27.919
0.122244 72 33.543
0.122244 81 38.316
0.122244 90 41.7939
0.122244 99 43.7815
0.122244 108 44.3845
0.122244 117 43.9888
0.122244 126 43.1568
0.122244 135 42.4742
0.122244 144 42.4084
0.122244 153 43.226
0.122244 162 44.9812
0.122244 171 47.5563
0.122244 180 50.7272

0.125578 -180 55.3153
0.125578 -171 58.985
0.125578 -162 62.6401
0.125578 -153 66.0648
0.125578 -144 69.0856
0.125578 -135 71.5658
0.125578 -126 73.3947
0.125578 -117 74.475
0.125578 -108 74.7156
0.125578 -99 74.0297
0.125578 -90 72.3409
0.125578 -81 69.5951
0.125578 -72 65.7749
0.125578 -63 60.9153
0.125578 -54 55.1167
0.125578 -45 48.5559
0.125578 -36 41.4921
0.125578 -27 34.2665
0.125578 -18 27.2914
0.125578 -9 21.0251
0.125578 0 15.9311
0.125578 9 12.4222
0.125578 18 10.7981
0.125578 27 11.1855
0.125578 36 13.4983
0.125578 45 17.4306
0.125578 54 22.4895
0.125578 63 28.0618
0.125578 72 33.5015
0.125578 81 38.2243
0.125578 90 41.8015
0.125578 99 44.0431
0.125578 108 45.0444
0.125578 117 45.1635
0.125578 126 44.9208
0.125578 135 44.8533
0.125578 144 45.3825
0.125578 153 46.7376
0.125578 162 48.9477
0.125578 171 51.8824
0.125578 180 55.3153

0.12895 -180 60.0825
0.12895 -171 63.9014
0.12895 -162 67.6273
0.12895 -153 71.0576
0.12895 -144 74.0328
0.12895 -135 76.4301
0.12895 -126 78.1516
0.12895 -117 79.1119
0.12895 -108 79.2298
0.12895 -99 78.4267
0.12895 -90 76.6319
0.12895 -81 73.7941
0.12895 -72 69.8962
0.12895 -63 64.9699
0.12895 -54 59.1096
0.12895 -45 52.4832
0.12895 -36 45.339
0.12895 -27 38.0054
0.12895 -18 30.882
0.12895 -9 24.4156
0.12895 0 19.062
0.12895 9 15.2326
0.12895 18 13.2335
0.12895 27 13.2071
0.12895 36 15.091
0.12895 45 18.6097
0.12895 54 23.303
0.12895 63 28.5897
0.12895 72 33.8518
0.12895 81 38.5277
0.12895 90 42.2037
0.12895 99 44.6939
0.12895 108 46.0825
0.12895 117 46.6997
0.12895 126 47.0243
0.12895 135 47.5464
0.12895 144 48.6424
0.12895 153 50.5062
0.12895 162 53.1431
0.12895 171 56.4112
0.12895 180 60.0825

0.13236 -180 65.0171
0.13236 -171 68.9654
0.13236 -162 72.7456
0.13236 -153 76.168
0.13236 -144 79.087
0.13236 -135 81.3934
0.13236 -126 83.0019
0.13236 -117 83.8385
0.13236 -108 83.8319
0.13236 -99 82.9113
0.13236 -90 81.012
0.13236 -81 78.0858
0.13236 -72 74.1156
0.13236 -63 69.1303
0.13236 -54 63.2186
0.13236 -45 56.5398
0.13236 -36 49.331
0.13236 -27 41.9083
0.13236 -18 34.658
0.13236 -9 28.015
0.13236 0 22.4269
0.13236 9 18.3028
0.13236 18 15.9543
0.13236 27 15.5381
0.13236 36 17.0148
0.13236 45 20.1383
0.13236 54 24.4807
0.13236 63 29.4925
0.13236 72 34.5841
0.13236 81 39.2162
0.13236 90 42.9901
0.13236 99 45.7229
0.13236 108 47.4871
0.13236 117 48.5849
0.13236 126 49.4546
0.13236 135 50.54
0.13236 144 52.1748
0.13236 153 54.5187
0.13236 162 57.5547
0.13236 171 61.1305
0.13236 180 65.0171

0.135808 -180 70.1081
0.135808 -171 74.1667
0.135808 -162 77.9853
0.135808 -153 81.3872
0.135808 -144 84.2402
0.135808 -135 86.4483
0.135808 -126 87.9387
0.135808 -117 88.6483
0.135808 -108 88.5156
0.135808 -99 87.4776
0.135808 -90 85.4755
0.135808 -81 82.4641
0.135808 -72 78.4269
0.135808 -63 73.3901
0.135808 -54 67.4368
0.135808 -45 60.7179
0.135808 -36 53.4598
0.135808 -27 45.966
0.135808 -18 38.6093
0.135808 -9 31.8126
0.135808 0 26.0146
0.135808 9 21.6211
0.135808 18 18.9484
0.135808 27 18.1664
0.135808 36 19.2579
0.135808 45 22.0048
0.135808 54 26.0113
0.135808 63 30.7594
0.135808 72 35.6876
0.135808 81 40.2793
0.135808 90 44.1496
0.135808 99 47.1184
0.135808 108 49.246
0.135808 117 50.8066
0.135808 126 52.1985
0.135808 135 53.821
0.135808 144 55.9664
0.135808 153 58.762
0.135808 162 62.17
0.135808 171 66.0283
0.135808 180 70.1081

0.139293 -180 75.3443
0.139293 -171 79.495
0.139293 -162 83.3371
0.139293 -153 86.7066
0.139293 -144 89.4845
0.139293 -135 91.5877
0.139293 -126 92.9553
0.139293 -117 93.5351
0.139293 -108 93.2751
0.139293 -99 92.12
0.139293 -90 90.0167
0.139293 -81 86.9235
0.139293 -72 82.8243
0.139293 -63 77.743
0.139293 -54 71.7574
0.139293 -45 65.0103
0.139293 -36 57.7174
0.139293 -27 50.1695
0.139293 -18 42.7263
0.139293 -9 35.7979
0.139293 0 29.8137
0.139293 9 25.1757
0.139293 18 22.2036
0.139293 27 21.0798
0.139293 36 21.8078
0.139293 45 24.1971
0.139293 54 27.8831
0.139293 63 32.379
0.139293 72 37.1513
0.139293 81 41.7055
0.139293 90 45.6705
0.139293 99 48.8683
0.139293 108 51.3465
0.139293 117 53.3514
0.139293 126 55.2425
0.139293 135 57.3758
0.139293 144 60.0039
0.139293 153 63.2233
0.139293 162 66.9765
0.139293 171 71.0929
0.139293 180 75.3443

0.142816 -180 80.7153
0.142816 -171 84.9407
0.142816 -162 88.7921
0.142816 -153 92.1179
0.142816 -144 94.8123
0.142816 -135 96.8046
0.142816 -126 98.0453
0.142816 -117 98.4931
0.142816 -108 98.1048
0.142816 -99 96.8331
0.142816 -90 94.6304
0.142816 -81 91.4586
0.142816 -72 87.3022
0.142816 -63 82.1831
0.142816 -54 76.174
0.142816 -45 69.4098
0.142816 -36 62.0959
0.142816 -27 54.5104
0.142816 -18 46.9994
0.142816 -9 39.9606
0.142816 0 33.8133
0.142816 9 28.9549
0.142816 18 25.7079
0.142816 27 24.266
0.142816 36 24.6523
0.142816 45 26.7031
0.142816 54 30.0841
0.142816 63 34.3393
0.142816 72 38.9632
0.142816 81 43.4829
0.142816 90 47.5407
0.142816 99 50.96
0.142816 108 53.7755
0.142816 117 56.2061
0.142816 126 58.5732
0.142816 135 61.1911
0.142816 144 64.2742
0.142816 153 67.8897
0.142816 162 71.962
0.142816 171 76.3129
0.142816 180 80.7153

0.146374 -180 86.2107
0.146374 -171 90.4942
0.146374 -162 94.3416
0.146374 -153 97.6135
0.146374 -144 100.217
0.146374 -135 102.092
0.146374 -126 103.203
0.146374 -117 103.517
0.146374 -108 102.999
0.146374 -99 101.612
0.146374 -90 99.3116
0.146374 -81 96.0642
0.146374 -72 91.8553
0.146374 -63 86.7047
0.146374 -54 80.6804
0.146374 -45 73.9098
0.146374 -36 66.5877
0.146374 -27 58.98
0.146374 -18 51.4194
0.146374 -9 44.2906
0.146374 0 38.0024
0.146374 9 32.9472
0.146374 18 29.4493
0.146374 27 27.7125
0.146374 36 27.7789
0.146374 45 29.5102
0.146374 54 32.6019
0.146374 63 36.6283
0.146374 72 41.1111
0.146374 81 45.5991
0.146374 90 49.7474
0.146374 99 53.3806
0.146374 108 56.5198
0.146374 117 59.3573
0.146374 126 62.177
0.146374 135 65.2534
0.146374 144 68.7641
0.146374 153 72.7488
0.146374 162 77.1147
0.146374 171 81.6772
0.146374 180 86.2107

0.149969 -180 91.8206
0.149969 -171 96.1466
0.149969 -162 99.9773
0.149969 -153 103.186
0.149969 -144 105.691
0.149969 -135 107.445
0.149969 -126 108.422
0.149969 -117 108.6
0.149969 -108 107.954
0.149969 -99 106.451
0.149969 -90 104.055
0.149969 -81 100.736
0.149969 -72 96.4785
0.149969 -63 91.3024
0.149969 -54 85.2708
0.149969 -45 78.5036
0.149969 -36 71.1856
0.149969 -27 63.5705
0.149969 -18 55.9775
0.149969 -9 48.778
0.149969 0 42.3705
0.149969 9 37.1413
0.149969 18 33.4158
0.149969 27 31.4072
0.149969 36 31.1751
0.149969 45 32.6059
0.149969 54 35.4239
0.149969 63 39.2332
0.149969 72 43.5824
0.149969 81 48.0415
0.149969 90 52.2779
0.149969 99 56.1167
0.149969 108 59.566
0.149969 117 62.7911
0.149969 126 66.0404
0.149969 135 69.5493
0.149969 144 73.4608
0.149969 153 77.7881
0.149969 162 82.423
0.149969 171 87.175
0.149969 180 91.8206

0.1536 -180 97.5354
0.1536 -171 101.889
0.1536 -162 105.691
0.1536 -153 108.827
0.1536 -144 111.228
0.1536 -135 112.857
0.1536 -126 113.698
0.1536 -117 113.739
0.1536 -108 112.963
0.1536 -99 111.346
0.1536 -90 108.857
0.1536 -81 105.468
0.1536 -72 101.167
0.1536 -63 95.9711
0.1536 -54 89.9395
0.1536 -45 83.1851
0.1536 -36 75.8827
0.1536 -27 68.274
0.1536 -18 60.6648
0.1536 -9 53.4134
0.1536 0 46.9072
0.1536 9 41.5261
0.1536 18 37.5957
0.1536 27 35.3377
0.1536 36 34.8282
0.1536 45 35.9773
0.1536 54 38.5374
0.1536 63 42.1414
0.1536 72 46.3644
0.1536 81 50.7971
0.1536 90 55.1189
0.1536 99 59.155
0.1536 108 62.9003
0.1536 117 66.4941
0.1536 126 70.1498
0.1536 135 74.0657
0.1536 144 78.3514
0.1536 153 82.9957
0.1536 162 87.8756
0.1536 171 92.7958
0.1536 180 97.5354

