0.0396 -180 201.742
0.0396 -171 180.642
0.0396 -162 162.166
0.0396 -153 146.322
0.0396 -144 132.907
0.0396 -135 121.627
0.0396 -126 112.184
0.0396 -117 104.296
0.0396 -108 97.6793
0.0396 -99 92.0317
0.0396 -90 87.1013
0.0396 -81 82.7782
0.0396 -72 79.1416
0.0396 -63 76.4435
0.0396 -54 75.0611
0.0396 -45 75.4528
0.0396 -36 78.1241
0.0396 -27 83.5973
0.0396 -18 92.3774
0.0396 -9 104.905
0.0396 0 121.494
0.0396 9 142.256
0.0396 18 167.006
0.0396 27 195.18
0.0396 36 225.756
0.0396 45 257.209
0.0396 54 34.7244
0.0396 63 36.8611
0.0396 72 38.4802
0.0396 81 39.5337
0.0396 90 39.9993
0.0396 99 82.7782
0.0396 108 79.1416
0.0396 117 76.4435
0.0396 126 75.0611
0.0396 135 75.4528
0.0396 144 78.1241
0.0396 153 29.3127
0.0396 162 250.073
0.0396 171 225.132
0.0396 180 201.742

0.0415969 -180 188.12
0.0415969 -171 167.952
0.0415969 -162 150.443
0.0415969 -153 135.557
0.0415969 -144 123.055
0.0415969 -135 112.61
0.0415969 -126 103.894
0.0415969 -117 96.602
0.0415969 -108 90.4334
0.0415969 -99 85.0904
0.0415969 -90 80.3334
0.0415969 -81 76.0635
0.0415969 -72 72.364
0.0415969 -63 69.4866
0.0415969 -54 67.8076
0.0415969 -45 67.7864
0.0415969 -36 69.9324
0.0415969 -27 74.7757
0.0415969 -18 82.8339
0.0415969 -9 94.5662
0.0415969 0 110.312
0.0415969 9 130.211
0.0415969 18 154.116
0.0415969 27 181.495
0.0415969 36 211.353
0.0415969 45 242.194
0.0415969 54 272.049
0.0415969 63 43.5919
0.0415969 72 45.3284
0.0415969 81 85.0904
0.0415969 90 80.3334
0.0415969 99 76.0635
0.0415969 108 72.364
0.0415969 117 69.4866
0.0415969 126 67.8076
0.0415969 135 67.7864
0.0415969 144 69.9324
0.0415969 153 259.68
0.0415969 162 234.885
0.0415969 171 210.661
0.0415969 180 188.12

0.0436408 -180 174.917
0.0436408 -171 155.722
0.0436408 -162 139.208
0.0436408 -153 125.298
0.0436408 -144 113.718
0.0436408 -135 104.111
0.0436408 -126 96.1215
0.0436408 -117 89.4212
0.0436408 -108 83.6995
0.0436408 -99 78.6617
0.0436408 -90 74.0805
0.0436408 -81 69.8671
0.0436408 -72 66.1096
0.0436408 -63 63.0591
0.0436408 -54 61.0907
0.0436408 -45 60.6636
0.0436408 -36 62.2893
0.0436408 -27 66.5037
0.0436408 -18 73.8341
0.0436408 -9 84.7557
0.0436408 0 99.6305
0.0436408 9 118.628
0.0436408 18 141.635
0.0436408 27 168.154
0.0436408 36 197.227
0.0436408 45 227.385
0.0436408 54 256.699
0.0436408 63 282.967
0.0436408 72 83.6995
0.0436408 81 78.6617
0.0436408 90 74.0805
0.0436408 99 69.8671
0.0436408 108 66.1096
0.0436408 117 63.0591
0.0436408 126 61.0907
0.0436408 135 60.6636
0.0436408 144 267.7
0.0436408 153 244.187
0.0436408 162 220
0.0436408 171 196.555
0.0436408 180 174.917

0.0457314 -180 162.16
0.0457314 -171 143.972
0.0457314 -162 128.476
0.0457314 -153 115.556
0.0457314 -144 104.902
0.0457314 -135 96.1306
0.0457314 -126 88.8613
0.0457314 -117 82.7475
0.0457314 -108 77.4693
0.0457314 -99 72.7363
0.0457314 -90 68.3323
0.0457314 -81 64.1791
0.0457314 -72 60.3689
0.0457314 -63 57.1529
0.0457314 -54 54.9041
0.0457314 -45 54.0806
0.0457314 -36 55.1942
0.0457314 -27 58.7841
0.0457314 -18 65.3855
0.0457314 -9 75.4868
0.0457314 0 89.4703
0.0457314 9 107.534
0.0457314 18 129.596
0.0457314 27 155.199
0.0457314 36 183.42
0.0457314 45 212.83
0.0457314 54 241.539
0.0457314 63 267.393
0.0457314 72 77.4693
0.0457314 81 72.7363
0.0457314 90 68.3323
0.0457314 99 64.1791
0.0457314 108 60.3689
0.0457314 117 57.1529
0.0457314 126 54.9041
0.0457314 135 273.025
0.0457314 144 252.013
0.0457314 153 228.971
0.0457314 162 205.459
0.0457314 171 182.851
0.0457314 180 162.16

0.0478685 -180 149.876
0.0478685 -171 132.722
0.0478685 -162 118.26
0.0478685 -153 106.335
0.0478685 -144 96.6068
0.0478685 -135 88.665
0.0478685 -126 82.1079
0.0478685 -117 76.5729
0.0478685 -108 71.7333
0.0478685 -99 67.3031
0.0478685 -90 63.0775
0.0478685 -81 58.9881
0.0478685 -72 55.1315
0.0478685 -63 51.7585
0.0478685 -54 49.24
0.0478685 -45 48.0314
0.0478685 -36 48.6437
0.0478685 -27 51.6174
0.0478685 -18 57.4928
0.0478685 -9 66.7693
0.0478685 0 79.847
0.0478685 9 96.9495
0.0478685 18 118.029
0.0478685 27 142.665
0.0478685 36 169.976
0.0478685 45 198.575
0.0478685 54 226.617
0.0478685 63 251.995
0.0478685 72 272.747
0.0478685 81 287.558
0.0478685 90 63.0775
0.0478685 99 58.9881
0.0478685 108 55.1315
0.0478685 117 51.7585
0.0478685 126 274.694
0.0478685 135 257.275
0.0478685 144 236.58
0.0478685 153 214.077
0.0478685 162 191.3
0.0478685 171 169.58
0.0478685 180 149.876

0.0500519 -180 138.086
0.0500519 -171 121.987
0.0500519 -162 108.569
0.0500519 -153 97.6407
0.0500519 -144 88.832
0.0500519 -135 81.7101
0.0500519 -126 75.8543
0.0500519 -117 70.8883
0.0500519 -108 66.4806
0.0500519 -99 62.3505
0.0500519 -90 58.3038
0.0500519 -81 54.2817
0.0500519 -72 50.3853
0.0500519 -63 46.8649
0.0500519 -54 44.0886
0.0500519 -45 42.5084
0.0500519 -36 42.6327
0.0500519 -27 45.0015
0.0500519 -18 50.158
0.0500519 -9 58.6101
0.0500519 0 70.7734
0.0500519 9 86.8954
0.0500519 18 106.96
0.0500519 27 130.585
0.0500519 36 156.934
0.0500519 45 184.664
0.0500519 54 211.979
0.0500519 63 236.822
0.0500519 72 257.264
0.0500519 81 271.973
0.0500519 90 280.503
0.0500519 99 283.099
0.0500519 108 280.179
0.0500519 117 272.039
0.0500519 126 259.003
0.0500519 135 241.755
0.0500519 144 221.446
0.0500519 153 199.547
0.0500519 162 177.561
0.0500519 171 156.772
0.0500519 180 138.086

0.0522814 -180 126.811
0.0522814 -171 111.779
0.0522814 -162 99.4097
0.0522814 -153 89.4733
0.0522814 -144 81.5747
0.0522814 -135 75.2598
0.0522814 -126 70.0918
0.0522814 -117 65.6832
0.0522814 -108 61.6994
0.0522814 -99 57.8655
0.0522814 -90 53.9978
0.0522814 -81 50.0467
0.0522814 -72 46.1175
0.0522814 -63 42.46
0.0522814 -54 39.439
0.0522814 -45 37.5023
0.0522814 -36 37.1541
0.0522814 -27 38.932
0.0522814 -18 43.3804
0.0522814 -9 51.013
0.0522814 0 62.2588
0.0522814 9 77.3868
0.0522814 18 96.4115
0.0522814 27 118.99
0.0522814 36 144.329
0.0522814 45 171.137
0.0522814 54 197.669
0.0522814 63 221.92
0.0522814 72 241.992
0.0522814 81 256.541
0.0522814 90 265.039
0.0522814 99 267.626
0.0522814 108 264.668
0.0522814 117 256.495
0.0522814 126 243.523
0.0522814 135 226.512
0.0522814 144 206.655
0.0522814 153 185.418
0.0522814 162 164.272
0.0522814 171 144.452
0.0522814 180 126.811

0.0545567 -180 116.064
0.0545567 -171 102.108
0.0545567 -162 90.785
0.0545567 -153 81.8323
0.0545567 -144 74.8302
0.0545567 -135 69.3066
0.0545567 -126 64.8105
0.0545567 -117 60.9461
0.0545567 -108 57.3771
0.0545567 -99 53.8346
0.0545567 -90 50.1456
0.0545567 -81 46.269
0.0545567 -72 42.3143
0.0545567 -63 38.5308
0.0545567 -54 35.2792
0.0545567 -45 33.0023
0.0545567 -36 32.199
0.0545567 -27 33.4028
0.0545567 -18 37.157
0.0545567 -9 43.9793
0.0545567 0 54.3095
0.0545567 9 68.436
0.0545567 18 86.4026
0.0545567 27 107.905
0.0545567 36 132.195
0.0545567 45 158.033
0.0545567 54 183.73
0.0545567 63 207.334
0.0545567 72 226.98
0.0545567 81 241.312
0.0545567 90 249.734
0.0545567 99 252.295
0.0545567 108 249.314
0.0545567 117 241.153
0.0545567 126 228.302
0.0545567 135 211.593
0.0545567 144 192.249
0.0545567 153 171.727
0.0545567 162 151.463
0.0545567 171 132.643
0.0545567 180 116.064

0.0568776 -180 105.859
0.0568776 -171 92.9807
0.0568776 -162 82.6968
0.0568776 -153 74.7146
0.0568776 -144 68.5922
0.0568776 -135 63.8412
0.0568776 -126 59.9996
0.0568776 -117 56.6647
0.0568776 -108 53.5001
0.0568776 -99 50.2437
0.0568776 -90 46.7324
0.0568776 -81 42.9339
0.0568776 -72 38.9614
0.0568776 -63 35.0632
0.0568776 -54 31.5961
0.0568776 -45 28.9965
0.0568776 -36 27.7571
0.0568776 -27 28.4058
0.0568776 -18 31.4828
0.0568776 -9 37.5076
0.0568776 0 46.9287
0.0568776 9 60.0519
0.0568776 18 76.9485
0.0568776 27 97.3513
0.0568776 36 120.559
0.0568776 45 145.387
0.0568776 54 170.202
0.0568776 63 193.107
0.0568776 72 212.273
0.0568776 81 226.337
0.0568776 90 234.644
0.0568776 99 237.163
0.0568776 108 234.174
0.0568776 117 226.064
0.0568776 126 213.39
0.0568776 135 197.041
0.0568776 144 178.264
0.0568776 153 158.505
0.0568776 162 139.16
0.0568776 171 121.363
0.0568776 180 105.859

0.059244 -180 96.2054
0.059244 -171 84.4003
0.059244 -162 75.1441
0.059244 -153 68.1155
0.059244 -144 62.8527
0.059244 -135 58.8537
0.059244 -126 55.6472
0.059244 -117 52.8258
0.059244 -108 50.0544
0.059244 -99 47.0781
0.059244 -90 43.7434
0.059244 -81 40.0263
0.059244 -72 36.0437
0.059244 -63 32.0428
0.059244 -54 28.3756
0.059244 -45 25.472
0.059244 -36 23.8169
0.059244 -27 23.9313
0.059244 -18 26.3507
0.059244 -9 31.5943
0.059244 0 40.1172
0.059244 9 52.2403
0.059244 18 68.0609
0.059244 27 87.3481
0.059244 36 109.448
0.059244 45 133.23
0.059244 54 157.121
0.059244 63 179.28
0.059244 72 197.917
0.059244 81 211.665
0.059244 90 219.82
0.059244 99 222.283
0.059244 108 219.3
0.059244 117 211.279
0.059244 126 198.832
0.059244 135 182.897
0.059244 144 164.738
0.059244 153 145.781
0.059244 162 127.384
0.059244 171 110.628
0.059244 180 96.2054

0.0616554 -180 87.1088
0.0616554 -171 76.3682
0.0616554 -162 68.124
0.0616554 -153 62.0286
0.0616554 -144 57.6027
0.0616554 -135 54.3329
0.0616554 -126 51.7407
0.0616554 -117 49.4159
0.0616554 -108 47.0257
0.0616554 -99 44.3227
0.0616554 -90 41.1631
0.0616554 -81 37.5307
0.0616554 -72 33.5459
0.0616554 -63 29.4545
0.0616554 -54 25.6034
0.0616554 -45 22.4151
0.0616554 -36 20.3658
0.0616554 -27 19.9683
0.0616554 -18 21.7519
0.0616554 -9 26.2337
0.0616554 0 33.873
0.0616554 9 45.0043
0.0616554 18 59.7484
0.0616554 27 77.9101
0.0616554 36 98.882
0.0616554 45 121.589
0.0616554 54 144.52
0.0616554 63 165.892
0.0616554 72 183.954
0.0616554 81 197.343
0.0616554 90 205.313
0.0616554 99 207.708
0.0616554 108 204.744
0.0616554 117 196.846
0.0616554 126 184.672
0.0616554 135 169.199
0.0616554 144 151.7
0.0616554 153 133.58
0.0616554 162 116.154
0.0616554 171 100.45
0.0616554 180 87.1088

0.0641117 -180 78.573
0.0641117 -171 68.8835
0.0641117 -162 61.6315
0.0641117 -153 56.4458
0.0641117 -144 52.8318
0.0641117 -135 50.2666
0.0641117 -126 48.2668
0.0641117 -117 46.4207
0.0641117 -108 44.3992
0.0641117 -99 41.9623
0.0641117 -90 38.976
0.0641117 -81 35.4316
0.0641117 -72 31.4524
0.0641117 -63 27.2829
0.0641117 -54 23.2643
0.0641117 -45 19.8111
0.0641117 -36 17.3901
0.0641117 -27 16.5046
0.0641117 -18 17.6761
0.0641117 -9 21.418
0.0641117 0 28.1921
0.0641117 9 38.3439
0.0641117 18 52.0165
0.0641117 27 69.0486
0.0641117 36 88.8788
0.0641117 45 110.488
0.0641117 54 132.429
0.0641117 63 152.977
0.0641117 72 170.425
0.0641117 81 183.414
0.0641117 90 191.17
0.0641117 99 193.487
0.0641117 108 190.553
0.0641117 117 182.808
0.0641117 126 170.949
0.0641117 135 155.98
0.0641117 144 139.178
0.0641117 153 121.923
0.0641117 162 105.484
0.0641117 171 90.838
0.0641117 180 78.573

0.0666127 -180 70.5991
0.0666127 -171 61.943
0.0666127 -162 55.66
0.0666127 -153 51.3579
0.0666127 -144 48.5286
0.0666127 -135 46.6422
0.0666127 -126 45.2117
0.0666127 -117 43.8259
0.0666127 -108 42.1597
0.0666127 -99 39.9815
0.0666127 -90 37.1665
0.0666127 -81 33.713
0.0666127 -72 29.7475
0.0666127 -63 25.5122
0.0666127 -54 21.3429
0.0666127 -45 17.6451
0.0666127 -36 14.8755
0.0666127 -27 13.5269
0.0666127 -18 14.1117
0.0666127 -9 17.138
0.0666127 0 23.0681
0.0666127 9 32.257
0.0666127 18 44.8677
0.0666127 27 60.7716
0.0666127 36 79.4525
0.0666127 45 99.9482
0.0666127 54 120.873
0.0666127 63 140.567
0.0666127 72 157.364
0.0666127 81 169.92
0.0666127 90 177.435
0.0666127 99 179.663
0.0666127 108 176.771
0.0666127 117 169.207
0.0666127 126 157.698
0.0666127 135 143.27
0.0666127 144 127.196
0.0666127 153 110.828
0.0666127 162 95.3872
0.0666127 171 81.7981
0.0666127 180 70.5991

0.069158 -180 63.1858
0.069158 -171 55.5415
0.069158 -162 50.2015
0.069158 -153 46.7544
0.069158 -144 44.6811
0.069158 -135 43.4464
0.069158 -126 42.5614
0.069158 -117 41.6166
0.069158 -108 40.2924
0.069158 -99 38.365
0.069158 -90 35.7189
0.069158 -81 32.3593
0.069158 -72 28.4153
0.069158 -63 24.1268
0.069158 -54 19.8235
0.069158 -45 15.9017
0.069158 -36 12.8071
0.069158 -27 11.0211
0.069158 -18 11.046
0.069158 -9 13.3828
0.069158 0 18.4929
0.069158 9 26.7388
0.069158 18 38.3016
0.069158 27 53.084
0.069158 36 70.6138
0.069158 45 89.985
0.069158 54 109.876
0.069158 63 128.689
0.069158 72 144.805
0.069158 81 156.897
0.069158 90 164.148
0.069158 99 166.28
0.069158 108 163.438
0.069158 117 156.08
0.069158 126 144.952
0.069158 135 131.096
0.069158 144 115.775
0.069158 153 100.309
0.069158 162 85.8708
0.069158 171 73.3332
0.069158 180 63.1858

0.0717474 -180 56.3295
0.0717474 -171 49.6722
0.0717474 -162 45.2464
0.0717474 -153 42.6238
0.0717474 -144 41.2764
0.0717474 -135 40.6652
0.0717474 -126 40.3014
0.0717474 -117 39.7782
0.0717474 -108 38.7819
0.0717474 -99 37.0974
0.0717474 -90 34.6178
0.0717474 -81 31.3549
0.0717474 -72 27.44
0.0717474 -63 23.1108
0.0717474 -54 18.6902
0.0717474 -45 14.5651
0.0717474 -36 11.1695
0.0717474 -27 8.97243
0.0717474 -18 8.46514
0.0717474 -9 10.1403
0.0717474 0 14.4568
0.0717474 9 21.7827
0.0717474 18 32.3157
0.0717474 27 45.9877
0.0717474 36 62.3699
0.0717474 45 80.6116
0.0717474 54 99.4556
0.0717474 63 117.367
0.0717474 72 132.777
0.0717474 81 144.379
0.0717474 90 151.346
0.0717474 99 153.374
0.0717474 108 150.591
0.0717474 117 143.458
0.0717474 126 132.738
0.0717474 135 119.48
0.0717474 144 104.931
0.0717474 153 90.3764
0.0717474 162 76.9406
0.0717474 171 65.444
0.0717474 180 56.3295

0.0743807 -180 50.0246
0.0743807 -171 44.3266
0.0743807 -162 40.784
0.0743807 -153 38.9539
0.0743807 -144 38.3011
0.0743807 -135 38.2846
0.0743807 -126 38.4171
0.0743807 -117 38.2958
0.0743807 -108 37.6134
0.0743807 -99 36.1635
0.0743807 -90 33.8477
0.0743807 -81 30.6842
0.0743807 -72 26.806
0.0743807 -63 22.4484
0.0743807 -54 17.9272
0.0743807 -45 13.6194
0.0743807 -36 9.94678
0.0743807 -27 7.36555
0.0743807 -18 6.35461
0.0743807 -9 7.39736
0.0743807 0 10.9485
0.0743807 9 17.3801
0.0743807 18 26.9048
0.0743807 27 39.4821
0.0743807 36 54.7249
0.0743807 45 71.8374
0.0743807 54 89.6263
0.0743807 63 106.621
0.0743807 72 121.303
0.0743807 81 132.394
0.0743807 90 139.06
0.0743807 99 140.978
0.0743807 108 138.26
0.0743807 117 131.371
0.0743807 126 121.081
0.0743807 135 108.44
0.0743807 144 94.6774
0.0743807 153 81.0381
0.0743807 162 68.5989
0.0743807 171 58.1286
0.0743807 180 50.0246

0.0770576 -180 44.264
0.0770576 -171 39.4949
0.0770576 -162 36.8027
0.0770576 -153 35.7317
0.0770576 -144 35.7413
0.0770576 -135 36.2903
0.0770576 -126 36.894
0.0770576 -117 37.1546
0.0770576 -108 36.772
0.0770576 -99 35.5483
0.0770576 -90 33.3936
0.0770576 -81 30.3319
0.0770576 -72 26.498
0.0770576 -63 22.1239
0.0770576 -54 17.5186
0.0770576 -45 13.0486
0.0770576 -36 9.1231
0.0770576 -27 6.18468
0.0770576 -18 4.69923
0.0770576 -9 5.1397
0.0770576 0 7.95543
0.0770576 9 13.5209
0.0770576 18 22.0619
0.0770576 27 33.5638
0.0770576 36 47.68
0.0770576 45 63.6685
0.0770576 54 80.3995
0.0770576 63 96.4667
0.0770576 72 110.407
0.0770576 81 120.967
0.0770576 90 127.318
0.0770576 99 129.12
0.0770576 108 126.475
0.0770576 117 119.842
0.0770576 126 110
0.0770576 135 97.9915
0.0770576 144 85.0228
0.0770576 153 72.2985
0.0770576 162 60.8457
0.0770576 171 51.3829
0.0770576 180 44.264

0.0797778 -180 39.0388
0.0797778 -171 35.1662
0.0797778 -162 33.29
0.0797778 -153 32.9435
0.0797778 -144 33.5828
0.0797778 -135 34.6677
0.0797778 -126 35.7174
0.0797778 -117 36.34
0.0797778 -108 36.243
0.0797778 -99 35.2371
0.0797778 -90 33.2407
0.0797778 -81 30.2832
0.0797778 -72 26.5007
0.0797778 -63 22.122
0.0797778 -54 17.4488
0.0797778 -45 12.8368
0.0797778 -36 8.68233
0.0797778 -27 5.41376
0.0797778 -18 3.48327
0.0797778 -9 3.35244
0.0797778 0 5.46401
0.0797778 9 10.1935
0.0797778 18 17.778
0.0797778 27 28.2274
0.0797778 36 41.2337
0.0797778 45 56.1079
0.0797778 54 71.783
0.0797778 63 86.9176
0.0797778 72 100.103
0.0797778 81 110.12
0.0797778 90 116.144
0.0797778 99 117.826
0.0797778 108 115.256
0.0797778 117 108.893
0.0797778 126 99.5113
0.0797778 135 88.1452
0.0797778 144 75.9738
0.0797778 153 64.1592
0.0797778 162 53.6784
0.0797778 171 45.201
0.0797778 180 39.0388

0.082541 -180 34.3387
0.082541 -171 31.3284
0.082541 -162 30.2325
0.082541 -153 30.5754
0.082541 -144 31.8113
0.082541 -135 33.4023
0.082541 -126 34.8728
0.082541 -117 35.8375
0.082541 -108 36.012
0.082541 -99 35.2155
0.082541 -90 33.3745
0.082541 -81 30.5233
0.082541 -72 26.7992
0.082541 -63 22.4275
0.082541 -54 17.7022
0.082541 -45 12.9681
0.082541 -36 8.60833
0.082541 -27 5.03656
0.082541 -18 2.69067
0.082541 -9 2.02003
0.082541 0 3.45972
0.082541 9 7.38487
0.082541 18 14.0425
0.082541 27 23.4652
0.082541 36 35.3822
0.082541 45 49.1559
0.082541 54 63.7814
0.082541 63 77.9825
0.082541 72 90.4065
0.082541 81 99.8692
0.082541 90 105.558
0.082541 99 107.116
0.082541 108 104.625
0.082541 117 98.5383
0.082541 126 89.6269
0.082541 135 78.9091
0.082541 144 67.5336
0.082541 153 56.619
0.082541 162 47.0923
0.082541 171 39.575
0.082541 180 34.3387

0.085347 -180 30.1522
0.085347 -171 27.9687
0.085347 -162 27.6166
0.085347 -153 28.6132
0.085347 -144 30.4122
0.085347 -135 32.4797
0.085347 -126 34.3459
0.085347 -117 35.633
0.085347 -108 36.0649
0.085347 -99 35.4696
0.085347 -90 33.7808
0.085347 -81 31.038
0.085347 -72 27.379
0.085347 -63 23.0255
0.085347 -54 18.2636
0.085347 -45 13.427
0.085347 -36 8.88506
0.085347 -27 5.03677
0.085347 -18 2.30507
0.085347 -9 1.12643
0.085347 0 1.92727
0.085347 9 5.08113
0.085347 18 10.8434
0.085347 27 19.2677
0.085347 36 30.1191
0.085347 45 42.8098
0.085347 54 56.3963
0.085347 63 69.6669
0.085347 72 81.3261
0.085347 81 90.2277
0.085347 90 95.5733
0.085347 99 97.0049
0.085347 108 94.5951
0.085347 117 88.7912
0.085347 126 80.3555
0.085347 135 70.2875
0.085347 144 59.7027
0.085347 153 49.6746
0.085347 162 41.0806
0.085347 171 34.4954
0.085347 180 30.1522

0.0881954 -180 26.467
0.0881954 -171 25.0734
0.0881954 -162 25.4278
0.0881954 -153 27.0421
0.0881954 -144 29.371
0.0881954 -135 31.8854
0.0881954 -126 34.1226
0.0881954 -117 35.7127
0.0881954 -108 36.3881
0.0881954 -99 35.9856
0.0881954 -90 34.4461
0.0881954 -81 31.8135
0.0881954 -72 28.2262
0.0881954 -63 23.9016
0.0881954 -54 19.118
0.0881954 -45 14.1978
0.0881954 -36 9.49659
0.0881954 -27 5.39808
0.0881954 -18 2.30999
0.0881954 -9 0.655253
0.0881954 0 0.850798
0.0881954 9 3.26738
0.0881954 18 8.16738
0.0881954 27 15.624
0.0881954 36 25.4362
0.0881954 45 37.0649
0.0881954 54 49.6264
0.0881954 63 61.9735
0.0881954 72 72.8682
0.0881954 81 81.2049
0.0881954 90 86.2029
0.0881954 99 87.5053
0.0881954 108 85.1779
0.0881954 117 79.6602
0.0881954 126 71.7025
0.0881954 135 62.282
0.0881954 144 52.4787
0.0881954 153 43.3203
0.0881954 162 35.6348
0.0881954 171 29.9515
0.0881954 180 26.467

0.091086 -180 23.2697
0.091086 -171 22.6283
0.091086 -162 23.6517
0.091086 -153 25.8476
0.091086 -144 28.6732
0.091086 -135 31.6054
0.091086 -126 34.189
0.091086 -117 36.0629
0.091086 -108 36.9683
0.091086 -99 36.7503
0.091086 -90 35.3571
0.091086 -81 32.8365
0.091086 -72 29.3268
0.091086 -63 25.0416
0.091086 -54 20.2508
0.091086 -45 15.2655
0.091086 -36 10.4272
0.091086 -27 6.10428
0.091086 -18 2.68888
0.091086 -9 0.58989
0.091086 0 0.213958
0.091086 9 1.92805
0.091086 18 6.00019
0.091086 27 12.5216
0.091086 36 21.3236
0.091086 45 31.914
0.091086 54 43.468
0.091086 63 54.9018
0.091086 72 65.0359
0.091086 81 72.8065
0.091086 90 77.4543
0.091086 99 78.6255
0.091086 108 76.3808
0.091086 117 71.1504
0.091086 126 63.6699
0.091086 135 54.8913
0.091086 144 45.8571
0.091086 153 37.5485
0.091086 162 30.7448
0.091086 171 25.9313
0.091086 180 23.2697

0.0940184 -180 20.546
0.0940184 -171 20.6188
0.0940184 -162 22.2733
0.0940184 -153 25.015
0.0940184 -144 28.3044
0.0940184 -135 31.6254
0.0940184 -126 34.5316
0.0940184 -117 36.6705
0.0940184 -108 37.7925
0.0940184 -99 37.7511
0.0940184 -90 36.501
0.0940184 -81 34.0938
0.0940184 -72 30.6678
0.0940184 -63 26.4319
0.0940184 -54 21.6479
0.0940184 -45 16.6152
0.0940184 -36 11.6614
0.0940184 -27 7.13932
0.0940184 -18 3.42524
0.0940184 -9 0.913586
0.0940184 0 7.91656e-05
0.0940184 9 1.04693
0.0940184 18 4.32658
0.0940184 27 9.94678
0.0940184 36 17.7695
0.0940184 45 27.348
0.0940184 54 37.9147
0.0940184 63 48.4488
0.0940184 72 57.829
0.0940184 81 65.0352
0.0940184 90 69.3316
0.0940184 99 70.3705
0.0940184 108 68.2079
0.0940184 117 63.264
0.0940184 126 56.2571
0.0940184 135 48.1117
0.0940184 144 39.8311
0.0940184 153 32.3498
0.0940184 162 26.3992
0.0940184 171 22.4217
0.0940184 180 20.546

0.0969924 -180 18.2815
0.0969924 -171 19.0299
0.0969924 -162 21.2778
0.0969924 -153 24.5295
0.0969924 -144 28.2503
0.0969924 -135 31.932
0.0969924 -126 35.1372
0.0969924 -117 37.5228
0.0969924 -108 38.8484
0.0969924 -99 38.9755
0.0969924 -90 37.8655
0.0969924 -81 35.5732
0.0969924 -72 32.2364
0.0969924 -63 28.0593
0.0969924 -54 23.2954
0.0969924 -45 18.2325
0.0969924 -36 13.1841
0.0969924 -27 8.48739
0.0969924 -18 4.50267
0.0969924 -9 1.60956
0.0969924 0 0.192267
0.0969924 9 0.607387
0.0969924 18 3.13063
0.0969924 27 7.88479
0.0969924 36 14.7609
0.0969924 45 23.3561
0.0969924 54 32.9584
0.0969924 63 42.609
0.0969924 72 51.2449
0.0969924 81 57.8906
0.0969924 90 61.8361
0.0969924 99 62.7418
0.0969924 108 60.6601
0.0969924 117 55.9999
0.0969924 126 49.4607
0.0969924 135 41.9371
0.0969924 144 34.3922
0.0969924 153 27.7134
0.0969924 162 22.5852
0.0969924 171 19.4088
0.0969924 180 18.2815

0.100008 -180 16.461
0.100008 -171 17.8464
0.100008 -162 20.6501
0.100008 -153 24.3766
0.100008 -144 28.497
0.100008 -135 32.5116
0.100008 -126 35.9929
0.100008 -117 38.6075
0.100008 -108 40.1239
0.100008 -99 40.4119
0.100008 -90 39.4389
0.100008 -81 37.2627
0.100008 -72 34.0202
0.100008 -63 29.911
0.100008 -54 25.18
0.100008 -45 20.1033
0.100008 -36 14.9805
0.100008 -27 10.1329
0.100008 -18 5.90495
0.100008 -9 2.66108
0.100008 0 0.773515
0.100008 9 0.592472
0.100008 18 2.39583
0.100008 27 6.32007
0.100008 36 12.2838
0.100008 45 19.9259
0.100008 54 28.5889
0.100008 63 37.3747
0.100008 72 45.2782
0.100008 81 51.3695
0.100008 90 54.9661
0.100008 99 55.7381
0.100008 108 53.7353
0.100008 117 49.3547
0.100008 126 43.2749
0.100008 135 36.3594
0.100008 144 29.5298
0.100008 153 23.627
0.100008 162 19.2892
0.100008 171 16.878
0.100008 180 16.461

0.103064 -180 15.069
0.103064 -171 17.053
0.103064 -162 20.3752
0.103064 -153 24.5419
0.103064 -144 29.0306
0.103064 -135 33.3513
0.103064 -126 37.0864
0.103064 -117 39.9125
0.103064 -108 41.6075
0.103064 -99 42.0489
0.103064 -90 41.2098
0.103064 -81 39.1507
0.103064 -72 36.0075
0.103064 -63 31.9747
0.103064 -54 27.2888
0.103064 -45 22.214
0.103064 -36 17.0361
0.103064 -27 12.0607
0.103064 -18 7.61613
0.103064 -9 4.05155
0.103064 0 1.72679
0.103064 9 0.985014
0.103064 18 2.10524
0.103064 27 5.23633
0.103064 36 10.3228
0.103064 45 17.0437
0.103064 54 24.7945
0.103064 63 32.7362
0.103064 72 39.9213
0.103064 81 45.4662
0.103064 90 48.7171
0.103064 99 49.3555
0.103064 108 47.429
0.103064 117 43.3224
0.103064 126 37.692
0.103064 135 31.3686
0.103064 144 25.2323
0.103064 153 20.0772
0.103064 162 16.4967
0.103064 171 14.8141
0.103064 180 15.069

0.106161 -180 14.0899
0.106161 -171 16.6341
0.106161 -162 20.4383
0.106161 -153 25.0111
0.106161 -144 29.8378
0.106161 -135 34.4383
0.106161 -126 38.4056
0.106161 -117 41.4266
0.106161 -108 43.2882
0.106161 -99 43.8756
0.106161 -90 43.1674
0.106161 -81 41.2263
0.106161 -72 38.1869
0.106161 -63 34.2387
0.106161 -54 29.6092
0.106161 -45 24.5514
0.106161 -36 19.3369
0.106161 -27 14.256
0.106161 -18 9.62051
0.106161 -9 5.76455
0.106161 0 3.03514
0.106161 9 1.76774
0.106161 18 2.24162
0.106161 27 4.61672
0.106161 36 8.86189
0.106161 45 14.6949
0.106161 54 21.5618
0.106161 63 28.6821
0.106161 72 35.1648
0.106161 81 40.1729
0.106161 90 43.0823
0.106161 99 43.5875
0.106161 108 41.7343
0.106161 117 37.8948
0.106161 126 32.7021
0.106161 135 26.9534
0.106161 144 21.4865
0.106161 153 17.0497
0.106161 162 14.1925
0.106161 171 13.2014
0.106161 180 14.0899

0.109298 -180 13.5078
0.109298 -171 16.5745
0.109298 -162 20.8245
0.109298 -153 25.7703
0.109298 -144 30.9054
0.109298 -135 35.7603
0.109298 -126 39.939
0.109298 -117 43.1387
0.109298 -108 45.1554
0.109298 -99 45.8818
0.109298 -90 45.3014
0.109298 -81 43.4791
0.109298 -72 40.5477
0.109298 -63 36.6916
0.109298 -54 32.1295
0.109298 -45 27.1029
0.109298 -36 21.8695
0.109298 -27 16.7041
0.109298 -18 11.9028
0.109298 -9 7.78393
0.109298 0 4.68173
0.109298 9 2.92338
0.109298 18 2.78753
0.109298 27 4.44398
0.109298 36 7.88447
0.109298 45 12.8635
0.109298 54 18.8766
0.109298 63 25.1994
0.109298 72 30.9973
0.109298 81 35.4795
0.109298 90 38.0529
0.109298 99 38.4255
0.109298 108 36.6422
0.109298 117 33.0619
0.109298 126 28.2939
0.109298 135 23.1008
0.109298 144 18.2783
0.109298 153 14.5294
0.109298 162 12.3608
0.109298 171 12.0241
0.109298 180 13.5078

0.112475 -180 13.3068
0.112475 -171 16.8588
0.112475 -162 21.5195
0.112475 -153 26.8059
0.112475 -144 32.2207
0.112475 -135 37.3054
0.112475 -126 41.6754
0.112475 -117 45.0383
0.112475 -108 47.199
0.112475 -99 48.0575
0.112475 -90 47.6019
0.112475 -81 45.899
0.112475 -72 43.0796
0.112475 -63 39.3225
0.112475 -54 34.8381
0.112475 -45 29.8561
0.112475 -36 24.6206
0.112475 -27 19.3912
0.112475 -18 14.4479
0.112475 -9 10.0938
0.112475 0 6.64993
0.112475 9 4.43472
0.112475 18 3.72542
0.112475 27 4.70057
0.112475 36 7.37329
0.112475 45 11.5332
0.112475 54 16.7231
0.112475 63 22.274
0.112475 72 27.4058
0.112475 81 31.3745
0.112475 90 33.618
0.112475 99 33.859
0.112475 108 32.1418
0.112475 117 28.8122
0.112475 126 24.4545
0.112475 135 19.7968
0.112475 144 15.5926
0.112475 153 12.5004
0.112475 162 10.9855
0.112475 171 11.2658
0.112475 180 13.3068

0.115692 -180 13.4711
0.115692 -171 17.4719
0.115692 -162 22.5089
0.115692 -153 28.1045
0.115692 -144 33.7713
0.115692 -135 39.0622
0.115692 -126 43.6042
0.115692 -117 47.1153
0.115692 -108 49.4094
0.115692 -99 50.3933
0.115692 -90 50.0597
0.115692 -81 48.4765
0.115692 -72 45.7726
0.115692 -63 42.1213
0.115692 -54 37.724
0.115692 -45 32.7993
0.115692 -36 27.5776
0.115692 -27 22.3036
0.115692 -18 17.2414
0.115692 -9 12.6788
0.115692 0 8.92338
0.115692 9 6.2847
0.115692 18 5.03776
0.115692 27 5.36876
0.115692 36 7.31074
0.115692 45 10.6868
0.115692 54 15.0852
0.115692 63 19.8904
0.115692 72 24.3763
0.115692 81 27.8447
0.115692 90 29.7653
0.115692 99 29.876
0.115692 108 28.2209
0.115692 117 25.1323
0.115692 126 21.1698
0.115692 135 17.0263
0.115692 144 13.4135
0.115692 153 10.9464
0.115692 162 10.0501
0.115692 171 10.9103
0.115692 180 13.4711

0.118948 -180 13.9851
0.118948 -171 18.3989
0.118948 -162 23.7787
0.118948 -153 29.6531
0.118948 -144 35.5451
0.118948 -135 41.0196
0.118948 -126 45.715
0.118948 -117 49.3601
0.118948 -108 51.7773
0.118948 -99 52.8803
0.118948 -90 52.6658
0.118948 -81 51.2026
0.118948 -72 48.6175
0.118948 -63 45.0779
0.118948 -54 40.7768
0.118948 -45 35.9212
0.118948 -36 30.7284
0.118948 -27 25.4281
0.118948 -18 20.269
0.118948 -9 15.5236
0.118948 0 11.486
0.118948 9 8.45647
0.118948 18 6.70709
0.118948 27 6.43073
0.118948 36 7.67896
0.118948 45 10.3066
0.118948 54 13.9457
0.118948 63 18.0324
0.118948 72 21.8934
0.118948 81 24.8756
0.118948 90 26.481
0.118948 99 26.4628
0.118948 108 24.8655
0.118948 117 22.008
0.118948 126 18.4247
0.118948 135 14.7734
0.118948 144 11.7247
0.118948 153 9.85068
0.118948 162 9.53781
0.118948 171 10.9413
0.118948 180 13.9851

0.122244 -180 14.833
0.122244 -171 19.6251
0.122244 -162 25.3152
0.122244 -153 31.4392
0.122244 -144 37.5308
0.122244 -135 43.167
0.122244 -126 47.9982
0.122244 -117 51.7636
0.122244 -108 54.2942
0.122244 -99 55.5101
0.122244 -90 55.4117
0.122244 -81 54.0687
0.122244 -72 51.6052
0.122244 -63 48.183
0.122244 -54 43.9863
0.122244 -45 39.2111
0.122244 -36 34.0613
0.122244 -27 28.7522
0.122244 -18 23.5172
0.122244 -9 18.6135
0.122244 0 14.3222
0.122244 9 10.9334
0.122244 18 8.71612
0.122244 27 7.86869
0.122244 36 8.45993
0.122244 45 10.3746
0.122244 54 13.287
0.122244 63 16.683
0.122244 72 19.9407
0.122244 81 22.4518
0.122244 90 23.7499
0.122244 99 23.6046
0.122244 108 22.0607
0.122244 117 19.4239
0.122244 126 16.2032
0.122244 135 13.0218
0.122244 144 10.5093
0.122244 153 9.19627
0.122244 162 9.43196
0.122244 171 11.3425
0.122244 180 14.833

0.125578 -180 15.9996
0.125578 -171 21.1361
0.125578 -162 27.1053
0.125578 -153 33.4506
0.125578 -144 39.7171
0.125578 -135 45.4942
0.125578 -126 50.4444
0.125578 -117 54.317
0.125578 -108 56.9517
0.125578 -99 58.2746
0.125578 -90 58.2895
0.125578 -81 57.0667
0.125578 -72 54.7275
0.125578 -63 51.4278
0.125578 -54 47.3431
0.125578 -45 42.6585
0.125578 -36 37.565
0.125578 -27 32.2637
0.125578 -18 26.9726
0.125578 -9 21.9344
0.125578 0 17.4165
0.125578 9 13.6993
0.125578 18 11.0477
0.125578 27 9.66493
0.125578 36 9.63556
0.125578 45 10.8729
0.125578 54 13.0911
0.125578 63 15.8246
0.125578 72 18.5012
0.125578 81 20.5566
0.125578 90 21.5562
0.125578 99 21.2857
0.125578 108 19.7907
0.125578 117 17.3638
0.125578 126 14.4887
0.125578 135 11.7542
0.125578 144 9.74994
0.125578 153 8.96602
0.125578 162 9.71572
0.125578 171 12.0977
0.125578 180 15.9996

0.12895 -180 17.4698
0.12895 -171 22.918
0.12895 -162 29.1359
0.12895 -153 35.6754
0.12895 -144 42.0932
0.12895 -135 47.9915
0.12895 -126 53.0445
0.12895 -117 57.0121
0.12895 -108 59.742
0.12895 -99 61.1662
0.12895 -90 61.2917
0.12895 -81 60.1889
0.12895 -72 57.9762
0.12895 -63 54.8036
0.12895 -54 50.838
0.12895 -45 46.2536
0.12895 -36 41.2289
0.12895 -27 35.9507
0.12895 -18 30.6226
0.12895 -9 25.4723
0.12895 0 20.7541
0.12895 9 16.7382
0.12895 18 13.6852
0.12895 27 11.8019
0.12895 36 11.1878
0.12895 45 11.7829
0.12895 54 13.3398
0.12895 63 15.4392
0.12895 72 17.5573
0.12895 81 19.173
0.12895 90 19.8829
0.12895 99 19.4893
0.12895 108 18.0387
0.12895 117 15.8106
0.12895 126 13.264
0.12895 135 10.9533
0.12895 144 9.42932
0.12895 153 9.14272
0.12895 162 10.3724
0.12895 171 13.1908
0.12895 180 17.4698

0.13236 -180 19.2287
0.13236 -171 24.9569
0.13236 -162 31.3945
0.13236 -153 38.1023
0.13236 -144 44.649
0.13236 -135 50.6495
0.13236 -126 55.7902
0.13236 -117 59.8409
0.13236 -108 62.6576
0.13236 -99 64.1777
0.13236 -90 64.4111
0.13236 -81 63.428
0.13236 -72 61.3438
0.13236 -63 58.3024
0.13236 -54 54.4624
0.13236 -45 49.987
0.13236 -36 45.0426
0.13236 -27 39.8022
0.13236 -18 34.4548
0.13236 -9 29.2139
0.13236 0 24.3205
0.13236 9 20.0346
0.13236 18 16.6119
0.13236 27 14.2624
0.13236 36 13.0988
0.13236 45 13.0864
0.13236 54 14.0145
0.13236 63 15.5082
0.13236 72 17.0908
0.13236 81 18.2831
0.13236 90 18.7127
0.13236 99 18.1981
0.13236 108 16.7873
0.13236 117 14.747
0.13236 126 12.5114
0.13236 135 10.6015
0.13236 144 9.52984
0.13236 153 9.70917
0.13236 162 11.3853
0.13236 171 14.6061
0.13236 180 19.2287

0.135808 -180 21.2619
0.135808 -171 27.2396
0.135808 -162 33.869
0.135808 -153 40.7204
0.135808 -144 47.3746
0.135808 -135 53.4594
0.135808 -126 58.6733
0.135808 -117 62.7961
0.135808 -108 65.6916
0.135808 -99 67.3024
0.135808 -90 67.6409
0.135808 -81 66.7771
0.135808 -72 64.8231
0.135808 -63 61.9167
0.135808 -54 58.208
0.135808 -45 53.8499
0.135808 -36 48.9964
0.135808 -27 43.8073
0.135808 -18 38.4575
0.135808 -9 33.1463
0.135808 0 28.1017
0.135808 9 23.5734
0.135808 18 19.8118
0.135808 27 17.0292
0.135808 36 15.3507
0.135808 45 14.7652
0.135808 54 15.0967
0.135808 63 16.0133
0.135808 72 17.0834
0.135808 81 17.8688
0.135808 90 18.0275
0.135808 99 17.3944
0.135808 108 16.0189
0.135808 117 14.1551
0.135808 126 12.213
0.135808 135 10.6809
0.135808 144 10.0339
0.135808 153 10.6483
0.135808 162 12.7381
0.135808 171 16.328
0.135808 180 21.2619

0.139293 -180 23.5553
0.139293 -171 29.7532
0.139293 -162 36.5477
0.139293 -153 43.519
0.139293 -144 50.2604
0.139293 -135 56.4127
0.139293 -126 61.6862
0.139293 -117 65.8706
0.139293 -108 68.8373
0.139293 -99 70.5337
0.139293 -90 70.9748
0.139293 -81 70.2298
0.139293 -72 68.4073
0.139293 -63 65.6391
0.139293 -54 62.067
0.139293 -45 57.8336
0.139293 -36 53.0809
0.139293 -27 47.9558
0.139293 -18 42.6194
0.139293 -9 37.2571
0.139293 0 32.0841
0.139293 9 27.3399
0.139293 18 23.2692
0.139293 27 20.0858
0.139293 36 17.926
0.139293 45 16.8011
0.139293 54 16.5679
0.139293 63 16.9356
0.139293 72 17.5163
0.139293 81 17.9114
0.139293 90 17.8089
0.139293 99 17.0599
0.139293 108 15.7152
0.139293 117 14.0167
0.139293 126 12.3508
0.139293 135 11.1735
0.139293 144 10.924
0.139293 153 11.9431
0.139293 162 14.4146
0.139293 171 18.3414
0.139293 180 23.5553

0.142816 -180 26.0952
0.142816 -171 32.4852
0.142816 -162 39.4193
0.142816 -153 46.488
0.142816 -144 53.2975
0.142816 -135 59.5013
0.142816 -126 64.8215
0.142816 -117 69.0577
0.142816 -108 72.0883
0.142816 -99 73.8658
0.142816 -90 74.4068
0.142816 -81 73.7798
0.142816 -72 72.09
0.142816 -63 69.463
0.142816 -54 66.0321
0.142816 -45 61.93
0.142816 -36 57.2872
0.142816 -27 52.2378
0.142816 -18 46.9296
0.142816 -9 41.5344
0.142816 0 36.2547
0.142816 9 31.3199
0.142816 18 26.9686
0.142816 27 23.4158
0.142816 36 20.8076
0.142816 45 19.1762
0.142816 54 18.4098
0.142816 63 18.2566
0.142816 72 18.3708
0.142816 81 18.3924
0.142816 90 18.0385
0.142816 99 17.1761
0.142816 108 15.8578
0.142816 117 14.3136
0.142816 126 12.9066
0.142816 135 12.0616
0.142816 144 12.1828
0.142816 153 13.5768
0.142816 162 16.3989
0.142816 171 20.6315
0.142816 180 26.0952

0.146374 -180 28.8682
0.146374 -171 35.4233
0.146374 -162 42.4729
0.146374 -153 49.6179
0.146374 -144 56.4772
0.146374 -135 62.7175
0.146374 -126 68.0724
0.146374 -117 72.351
0.146374 -108 75.4388
0.146374 -99 77.2927
0.146374 -90 77.9312
0.146374 -81 77.4215
0.146374 -72 75.8651
0.146374 -63 73.3817
0.146374 -54 70.0963
0.146374 -45 66.1316
0.146374 -36 61.607
0.146374 -27 56.6441
0.146374 -18 51.3778
0.146374 -9 45.9668
0.146374 0 40.601
0.146374 9 35.4997
0.146374 18 30.8954
0.146374 27 27.0032
0.146374 36 23.9786
0.146374 45 21.8729
0.146374 54 20.604
0.146374 63 19.9576
0.146374 72 19.6281
0.146374 81 19.2929
0.146374 90 18.6974
0.146374 99 17.7245
0.146374 108 16.4283
0.146374 117 15.0275
0.146374 126 13.8623
0.146374 135 13.3274
0.146374 144 13.7929
0.146374 153 15.533
0.146374 162 18.6755
0.146374 171 23.1836
0.146374 180 28.8682

0.149969 -180 31.8615
0.149969 -171 38.5561
0.149969 -162 45.698
0.149969 -153 52.8992
0.149969 -144 59.7913
0.149969 -135 66.054
0.149969 -126 71.4322
0.149969 -117 75.7446
0.149969 -108 78.8833
0.149969 -99 80.8093
0.149969 -90 81.5426
0.149969 -81 81.1493
0.149969 -72 79.727
0.149969 -63 77.3892
0.149969 -54 74.2529
0.149969 -45 70.4311
0.149969 -36 66.0321
0.149969 -27 61.1657
0.149969 -18 55.9541
0.149969 -9 50.5432
0.149969 0 45.1109
0.149969 9 39.866
0.149969 18 35.035
0.149969 27 30.8326
0.149969 36 27.4224
0.149969 45 24.8738
0.149969 54 23.1327
0.149969 63 22.0202
0.149969 72 21.2696
0.149969 81 20.5942
0.149969 90 19.767
0.149969 99 18.6864
0.149969 108 17.4082
0.149969 117 16.1399
0.149969 126 15.1999
0.149969 135 14.9532
0.149969 144 15.7376
0.149969 153 17.7956
0.149969 162 21.2292
0.149969 171 25.9838
0.149969 180 31.8615

0.1536 -180 35.0626
0.1536 -171 41.8723
0.1536 -162 49.0848
0.1536 -153 56.3231
0.1536 -144 63.232
0.1536 -135 69.5038
0.1536 -126 74.8949
0.1536 -117 79.2328
0.1536 -108 82.4163
0.1536 -99 84.4104
0.1536 -90 85.2361
0.1536 -81 84.9582
0.1536 -72 83.6703
0.1536 -63 81.4798
0.1536 -54 78.4957
0.1536 -45 74.8215
0.1536 -36 70.5549
0.1536 -27 65.7941
0.1536 -18 60.649
0.1536 -9 55.2532
0.1536 0 49.7726
0.1536 9 44.4062
0.1536 18 39.3735
0.1536 27 34.8889
0.1536 36 31.123
0.1536 45 28.1621
0.1536 54 25.9781
0.1536 63 24.4263
0.1536 72 23.2768
0.1536 81 22.2776
0.1536 90 21.2286
0.1536 99 20.0431
0.1536 108 18.7789
0.1536 117 17.6326
0.1536 126 16.9014
0.1536 135 16.9218
0.1536 144 17.9999
0.1536 153 20.3486
0.1536 162 24.0451
0.1536 171 29.0183
0.1536 180 35.0626

