0.01 -1 704.833
0.01 -0.9 540.253
0.01 -0.8 444.78
0.01 -0.7 389.5
0.01 -0.6 338.388
0.01 -0.5 255.012
0.01 -0.4 164.757
0.01 -0.3 118.823
0.01 -0.2 109.647
0.01 -0.1 129.439
0.01 0 180.535
0.01 0.1 275.286
0.01 0.2 439.757
0.01 0.3 719.208
0.01 0.4 1159.11
0.01 0.5 1688.31
0.01 0.6 2045.94
0.01 0.7 1844.86
0.01 0.8 1367.86
0.01 0.9 970.239
0.01 1 704.833

0.0166498 -1 484.57
0.0166498 -0.9 383.033
0.0166498 -0.8 310.692
0.0166498 -0.7 255.224
0.0166498 -0.6 197.878
0.0166498 -0.5 142.212
0.0166498 -0.4 102.622
0.0166498 -0.3 83.4051
0.0166498 -0.2 87.2285
0.0166498 -0.1 115.798
0.0166498 0 174.134
0.0166498 0.1 272.415
0.0166498 0.2 424.075
0.0166498 0.3 628.123
0.0166498 0.4 805.731
0.0166498 0.5 785.859
0.0166498 0.6 744.095
0.0166498 0.7 820.058
0.0166498 0.8 758.202
0.0166498 0.9 617.358
0.0166498 1 484.57

0.0249508 -1 335.118
0.0249508 -0.9 272.148
0.0249508 -0.8 215.173
0.0249508 -0.7 161.707
0.0249508 -0.6 112.584
0.0249508 -0.5 81.2467
0.0249508 -0.4 64.9898
0.0249508 -0.3 60.1591
0.0249508 -0.2 71.7881
0.0249508 -0.1 104.73
0.0249508 0 164.251
0.0249508 0.1 256.621
0.0249508 0.2 383.484
0.0249508 0.3 519.652
0.0249508 0.4 572.941
0.0249508 0.5 449.75
0.0249508 0.6 334.371
0.0249508 0.7 383.8
0.0249508 0.8 424.889
0.0249508 0.9 395.613
0.0249508 1 335.118

0.0348746 -1 235.722
0.0348746 -0.9 194.886
0.0348746 -0.8 150.545
0.0348746 -0.7 106.234
0.0348746 -0.6 68.869
0.0348746 -0.5 48.1938
0.0348746 -0.4 40.7109
0.0348746 -0.3 42.8964
0.0348746 -0.2 58.7024
0.0348746 -0.1 93.0445
0.0348746 0 150.288
0.0348746 0.1 233.155
0.0348746 0.2 335.988
0.0348746 0.3 427.038
0.0348746 0.4 433.405
0.0348746 0.5 313.89
0.0348746 0.6 202.388
0.0348746 0.7 213.413
0.0348746 0.8 257.281
0.0348746 0.9 262.895
0.0348746 1 235.722

0.0463872 -1 167.579
0.0463872 -0.9 139.484
0.0463872 -0.8 105.056
0.0463872 -0.7 70.0157
0.0463872 -0.6 41.834
0.0463872 -0.5 27.1263
0.0463872 -0.4 23.7753
0.0463872 -0.3 29.5081
0.0463872 -0.2 47.2301
0.0463872 -0.1 81.1123
0.0463872 0 134.394
0.0463872 0.1 207.262
0.0463872 0.2 290.5
0.0463872 0.3 353.587
0.0463872 0.4 343.716
0.0463872 0.5 244.708
0.0463872 0.6 149.619
0.0463872 0.7 139
0.0463872 0.8 168.074
0.0463872 0.9 180.506
0.0463872 1 167.579

0.0594494 -1 118.904
0.0594494 -0.9 98.4967
0.0594494 -0.8 71.7427
0.0594494 -0.7 44.5077
0.0594494 -0.6 23.3154
0.0594494 -0.5 12.8416
0.0594494 -0.4 12.0436
0.0594494 -0.3 19.6599
0.0594494 -0.2 37.9222
0.0594494 -0.1 70.2102
0.0594494 0 118.785
0.0594494 0.1 182.251
0.0594494 0.2 250.145
0.0594494 0.3 295.669
0.0594494 0.4 280.982
0.0594494 0.5 201.097
0.0594494 0.6 121.677
0.0594494 0.7 100.532
0.0594494 0.8 115.671
0.0594494 0.9 126.103
0.0594494 1 118.904

0.0740166 -1 83.1263
0.0740166 -0.9 67.8291
0.0740166 -0.8 47.2439
0.0740166 -0.7 26.5195
0.0740166 -0.6 10.9468
0.0740166 -0.5 3.9305
0.0740166 -0.4 5.04996
0.0740166 -0.3 13.6988
0.0740166 -0.2 31.6814
0.0740166 -0.1 61.7142
0.0740166 0 105.311
0.0740166 0.1 160.197
0.0740166 0.2 215.938
0.0740166 0.3 249.807
0.0740166 0.4 234.333
0.0740166 0.5 169.404
0.0740166 0.6 102.651
0.0740166 0.7 76.8249
0.0740166 0.8 81.7058
0.0740166 0.9 88.1271
0.0740166 1 83.1263

0.0900389 -1 56.8684
0.0900389 -0.9 45.4434
0.0900389 -0.8 30.0924
0.0900389 -0.7 14.9565
0.0900389 -0.6 4.14116
0.0900389 -0.5 0.146074
0.0900389 -0.4 2.87107
0.0900389 -0.3 12.1061
0.0900389 -0.2 29.3574
0.0900389 -0.1 56.8078
0.0900389 0 95.4217
0.0900389 0.1 142.522
0.0900389 0.2 188.324
0.0900389 0.3 213.824
0.0900389 0.4 198.695
0.0900389 0.5 144.875
0.0900389 0.6 87.9051
0.0900389 0.7 60.3359
0.0900389 0.8 58.2253
0.0900389 0.9 60.9088
0.0900389 1 56.8684

0.107462 -1 38.5443
0.107462 -0.9 30.4259
0.107462 -0.8 19.6958
0.107462 -0.7 9.45599
0.107462 -0.6 2.77307
0.107462 -0.5 1.4733
0.107462 -0.4 5.61201
0.107462 -0.3 15.2113
0.107462 -0.2 31.5444
0.107462 -0.1 56.3517
0.107462 0 90.1841
0.107462 0.1 130.228
0.107462 0.2 167.62
0.107462 0.3 186.582
0.107462 0.4 171.81
0.107462 0.5 126.032
0.107462 0.6 76.491
0.107462 0.7 48.6416
0.107462 0.8 41.9822
0.107462 0.9 41.8616
0.107462 1 38.5443

0.126225 -1 27.4935
0.126225 -0.9 22.3774
0.126225 -0.8 15.7638
0.126225 -0.7 9.80413
0.126225 -0.6 6.70349
0.126225 -0.5 7.78909
0.126225 -0.4 13.1941
0.126225 -0.3 23.0732
0.126225 -0.2 38.4959
0.126225 -0.1 60.8138
0.126225 0 90.2367
0.126225 0.1 123.957
0.126225 0.2 154.088
0.126225 0.3 167.58
0.126225 0.4 152.783
0.126225 0.5 112.704
0.126225 0.6 68.7596
0.126225 0.7 41.3499
0.126225 0.8 31.884
0.126225 0.9 29.9576
0.126225 1 27.4935

0.146266 -1 23.4169
0.146266 -0.9 21.0247
0.146266 -0.8 18.0015
0.146266 -0.7 15.6899
0.146266 -0.6 15.6213
0.146266 -0.5 18.7668
0.146266 -0.4 25.306
0.146266 -0.3 35.4647
0.146266 -0.2 50.1193
0.146266 -0.1 70.2658
0.146266 0 95.8011
0.146266 0.1 123.968
0.146266 0.2 147.812
0.146266 0.3 156.559
0.146266 0.4 141.313
0.146266 0.5 105.191
0.146266 0.6 65.4513
0.146266 0.7 38.8179
0.146266 0.8 27.7591
0.146266 0.9 24.8581
0.146266 1 23.4169

0.167515 -1 26.0472
0.167515 -0.9 26.0121
0.167515 -0.8 25.9732
0.167515 -0.7 26.6357
0.167515 -0.6 29.0341
0.167515 -0.5 33.9
0.167515 -0.4 41.4486
0.167515 -0.3 51.9351
0.167515 -0.2 66.0453
0.167515 -0.1 84.434
0.167515 0 106.705
0.167515 0.1 130.145
0.167515 0.2 148.623
0.167515 0.3 153.248
0.167515 0.4 137.255
0.167515 0.5 103.835
0.167515 0.6 67.2669
0.167515 0.7 41.5485
0.167515 0.8 29.7048
0.167515 0.9 26.4129
0.167515 1 26.0472

0.189899 -1 34.9738
0.189899 -0.9 36.8138
0.189899 -0.8 39.0823
0.189899 -0.7 42.0225
0.189899 -0.6 46.3265
0.189899 -0.5 52.5769
0.189899 -0.4 61.0165
0.189899 -0.3 71.8974
0.189899 -0.2 85.7151
0.189899 -0.1 102.799
0.189899 0 122.468
0.189899 0.1 142.038
0.189899 0.2 156.052
0.189899 0.3 157.174
0.189899 0.4 140.327
0.189899 0.5 108.776
0.189899 0.6 74.6394
0.189899 0.7 49.8673
0.189899 0.8 37.7369
0.189899 0.9 34.3776
0.189899 1 34.9738

0.213343 -1 49.5896
0.213343 -0.9 52.7411
0.213343 -0.8 56.6181
0.213343 -0.7 61.1589
0.213343 -0.6 66.8411
0.213343 -0.5 74.162
0.213343 -0.4 83.3806
0.213343 -0.3 94.7201
0.213343 -0.2 108.484
0.213343 -0.1 124.694
0.213343 0 142.404
0.213343 0.1 158.922
0.213343 0.2 169.37
0.213343 0.3 167.648
0.213343 0.4 150.017
0.213343 0.5 119.831
0.213343 0.6 87.6194
0.213343 0.7 63.7694
0.213343 0.8 51.6173
0.213343 0.9 48.2961
0.213343 1 49.5896

0.237766 -1 69.1218
0.237766 -0.9 73.0041
0.237766 -0.8 77.825
0.237766 -0.7 83.353
0.237766 -0.6 89.9469
0.237766 -0.5 98.0574
0.237766 -0.4 107.951
0.237766 -0.3 119.795
0.237766 -0.2 133.701
0.237766 -0.1 149.407
0.237766 0 165.719
0.237766 0.1 179.941
0.237766 0.2 187.683
0.237766 0.3 183.754
0.237766 0.4 165.556
0.237766 0.5 136.482
0.237766 0.6 105.873
0.237766 0.7 82.8931
0.237766 0.8 70.8262
0.237766 0.9 67.4805
0.237766 1 69.1218

0.263085 -1 92.7028
0.263085 -0.9 96.7805
0.263085 -0.8 101.966
0.263085 -0.7 107.96
0.263085 -0.6 115.075
0.263085 -0.5 123.738
0.263085 -0.4 134.205
0.263085 -0.3 146.572
0.263085 -0.2 160.756
0.263085 -0.1 176.24
0.263085 0 191.614
0.263085 0.1 204.175
0.263085 0.2 209.89
0.263085 0.3 204.453
0.263085 0.4 185.966
0.263085 0.5 157.929
0.263085 0.6 128.737
0.263085 0.7 106.575
0.263085 0.8 94.5886
0.263085 0.9 91.0877
0.263085 1 92.7028

0.289214 -1 119.45
0.289214 -0.9 123.277
0.289214 -0.8 128.362
0.289214 -0.7 134.415
0.289214 -0.6 141.743
0.289214 -0.5 150.763
0.289214 -0.4 161.707
0.289214 -0.3 174.578
0.289214 -0.2 189.11
0.289214 -0.1 204.558
0.289214 0 219.336
0.289214 0.1 230.745
0.289214 0.2 235.069
0.289214 0.3 228.64
0.289214 0.4 210.197
0.289214 0.5 183.227
0.289214 0.6 155.354
0.289214 0.7 133.95
0.289214 0.8 122.01
0.289214 0.9 118.188
0.289214 1 119.45

0.316062 -1 148.519
0.316062 -0.9 151.774
0.316062 -0.8 156.42
0.316062 -0.7 162.233
0.316062 -0.6 169.544
0.316062 -0.5 178.761
0.316062 -0.4 190.081
0.316062 -0.3 203.404
0.316062 -0.2 218.298
0.316062 -0.1 233.806
0.316062 0 248.209
0.316062 0.1 258.841
0.316062 0.2 262.268
0.316062 0.3 255.311
0.316062 0.4 237.193
0.316062 0.5 211.346
0.316062 0.6 184.767
0.316062 0.7 164.067
0.316062 0.8 152.143
0.316062 0.9 147.867
0.316062 1 148.519

0.343539 -1 179.156
0.343539 -0.9 181.63
0.343539 -0.8 185.625
0.343539 -0.7 191.003
0.343539 -0.6 198.129
0.343539 -0.5 207.419
0.343539 -0.4 219.01
0.343539 -0.3 232.706
0.343539 -0.2 247.909
0.343539 -0.1 263.502
0.343539 0 277.669
0.343539 0.1 287.812
0.343539 0.2 290.649
0.343539 0.3 283.578
0.343539 0.4 266.011
0.343539 0.5 241.354
0.343539 0.6 215.998
0.343539 0.7 196.028
0.343539 0.8 184.096
0.343539 0.9 179.269
0.343539 1 179.156

0.37155 -1 210.707
0.37155 -0.9 212.306
0.37155 -0.8 215.537
0.37155 -0.7 220.365
0.37155 -0.6 227.208
0.37155 -0.5 236.463
0.37155 -0.4 248.223
0.37155 -0.3 262.19
0.37155 -0.2 277.618
0.37155 -0.1 293.258
0.37155 0 307.288
0.37155 0.1 316.979
0.37155 0.2 319.545
0.37155 0.3 312.54
0.37155 0.4 295.72
0.37155 0.5 272.348
0.37155 0.6 248.279
0.37155 0.7 228.975
0.37155 0.8 217.02
0.37155 0.9 211.649
0.37155 1 210.707

0.4 -1 242.621
0.4 -0.9 243.339
0.4 -0.8 245.781
0.4 -0.7 250.02
0.4 -0.6 256.509
0.4 -0.5 265.651
0.4 -0.4 277.479
0.4 -0.3 291.588
0.4 -0.2 307.126
0.4 -0.1 322.75
0.4 0 336.531
0.4 0.1 346.004
0.4 0.2 348.42
0.4 0.3 341.677
0.4 0.4 325.734
0.4 0.5 303.645
0.4 0.6 280.832
0.4 0.7 262.237
0.4 0.8 250.284
0.4 0.9 244.385
0.4 1 242.621

